   1 L TR   0.239  0.576  0.185
   2 D TR   0.190  0.617  0.193
   3 V TR   0.189  0.626  0.186
   4 N TR   0.191  0.623  0.186
   5 T TR   0.223  0.609  0.168
   6 D TR   0.261  0.586  0.153
   7 I TR   0.287  0.561  0.152
   8 Y TR   0.289  0.542  0.170
   9 S TR   0.322  0.497  0.181
  10 K TR   0.333  0.500  0.167
  11 V MC   0.404  0.391  0.205
  12 L MC   0.495  0.315  0.190
  13 V MC   0.490  0.324  0.186
  14 T MC   0.605  0.234  0.161
  15 A MC   0.609  0.235  0.157
  16 V MC   0.614  0.233  0.153
  17 Y MC   0.574  0.256  0.170
  18 L MC   0.618  0.216  0.167
  19 A MC   0.647  0.186  0.167
  20 L MC   0.691  0.152  0.158
  21 F MC   0.671  0.170  0.159
  22 V MC   0.695  0.146  0.159
  23 V MC   0.728  0.126  0.145
  24 G MC   0.719  0.133  0.149
  25 T MC   0.716  0.147  0.137
  26 V MC   0.722  0.133  0.145
  27 G MC   0.700  0.146  0.155
  28 N MC   0.649  0.195  0.157
  29 T MC   0.630  0.214  0.156
  30 V MC   0.522  0.310  0.168
  31 T TR   0.369  0.454  0.178
  32 A TR   0.323  0.469  0.208
  33 F TR   0.252  0.547  0.201
  34 T TR   0.242  0.549  0.209
  35 L TR   0.210  0.571  0.219
  36 A TR   0.183  0.594  0.223
  37 R TR   0.152  0.652  0.196
  38 K TR   0.147  0.691  0.162
  39 K TR   0.132  0.691  0.177
  40 S TR   0.114  0.681  0.205
  41 L TR   0.111  0.677  0.212
  42 Q TR   0.135  0.668  0.197
  43 S TR   0.156  0.665  0.180
  44 L TR   0.128  0.655  0.216
  45 Q TR   0.162  0.618  0.220
  46 S TR   0.217  0.577  0.206
  47 T TR   0.246  0.557  0.198
  48 V TR   0.280  0.528  0.192
  49 H TR   0.252  0.548  0.200
  50 Y TR   0.294  0.506  0.200
  51 H TR   0.390  0.419  0.191
  52 L MC   0.440  0.381  0.180
  53 G MC   0.509  0.316  0.175
  54 S MC   0.488  0.337  0.175
  55 L MC   0.535  0.275  0.190
  56 A MC   0.632  0.188  0.180
  57 L MC   0.635  0.181  0.184
  58 S MC   0.624  0.194  0.182
  59 D MC   0.592  0.216  0.192
  60 L MC   0.619  0.187  0.194
  61 L MC   0.622  0.189  0.189
  62 T MC   0.623  0.186  0.190
  63 L MC   0.632  0.190  0.178
  64 L MC   0.584  0.235  0.181
  65 L MC   0.549  0.277  0.173
  66 A MC   0.510  0.308  0.182
  67 M MC   0.467  0.350  0.182
  68 P TR   0.372  0.455  0.173
  69 V TR   0.378  0.457  0.166
  70 E TR   0.264  0.543  0.192
  71 L TR   0.246  0.562  0.191
  72 Y TR   0.291  0.542  0.167
  73 N TR   0.231  0.611  0.158
  74 F TR   0.245  0.582  0.173
  75 I TR   0.245  0.590  0.165
  76 W TR   0.215  0.619  0.166
  77 V TR   0.249  0.589  0.162
  78 H TR   0.296  0.547  0.157
  79 H TR   0.203  0.601  0.196
  80 P TR   0.296  0.500  0.204
  81 W TR   0.368  0.433  0.199
  82 A TR   0.370  0.441  0.189
  83 F TR   0.385  0.414  0.201
  84 G TR   0.356  0.463  0.181
  85 D TR   0.365  0.460  0.175
  86 A TR   0.409  0.422  0.168
  87 G TR   0.365  0.454  0.181
  88 C TR   0.368  0.452  0.180
  89 R TR   0.321  0.529  0.150
  90 G MC   0.487  0.340  0.172
  91 Y MC   0.401  0.389  0.209
  92 Y TR   0.280  0.541  0.179
  93 F TR   0.284  0.525  0.191
  94 L TR   0.297  0.492  0.211
  95 R TR   0.326  0.470  0.203
  96 D TR   0.260  0.539  0.202
  97 A TR   0.332  0.434  0.233
  98 C TR   0.302  0.477  0.220
  99 T TR   0.383  0.411  0.206
 100 Y TR   0.391  0.401  0.208
 101 A TR   0.362  0.431  0.207
 102 T MC   0.442  0.363  0.195
 103 A MC   0.489  0.315  0.196
 104 L MC   0.560  0.261  0.179
 105 N MC   0.555  0.250  0.195
 106 V MC   0.540  0.289  0.171
 107 A MC   0.616  0.204  0.180
 108 S MC   0.553  0.266  0.182
 109 L MC   0.488  0.292  0.220
 110 S MC   0.426  0.400  0.174
 111 V TR   0.385  0.415  0.200
 112 E TR   0.303  0.491  0.206
 113 R TR   0.319  0.492  0.189
 114 Y TR   0.270  0.528  0.203
 115 L TR   0.277  0.503  0.220
 116 A TR   0.249  0.489  0.261
 117 I TR   0.232  0.545  0.223
 118 C TR   0.220  0.558  0.222
 119 H TR   0.218  0.586  0.196
 120 P TR   0.175  0.667  0.158
 121 F TR   0.184  0.645  0.171
 122 K TR   0.131  0.714  0.155
 123 A TR   0.122  0.696  0.182
 124 K TR   0.124  0.689  0.187
 125 T TR   0.117  0.696  0.187
 126 L TR   0.128  0.690  0.181
 127 M TR   0.127  0.699  0.174
 128 S TR   0.173  0.670  0.158
 129 R TR   0.160  0.670  0.170
 130 S TR   0.160  0.691  0.150
 131 R TR   0.184  0.628  0.188
 132 T TR   0.190  0.617  0.193
 133 K TR   0.262  0.543  0.195
 134 K TR   0.326  0.476  0.198
 135 F MC   0.498  0.306  0.195
 136 I MC   0.583  0.248  0.170
 137 S MC   0.636  0.196  0.168
 138 A MC   0.657  0.184  0.159
 139 I MC   0.659  0.183  0.158
 140 W MC   0.663  0.185  0.152
 141 L MC   0.685  0.166  0.149
 142 A MC   0.667  0.175  0.157
 143 S MC   0.692  0.156  0.152
 144 A MC   0.681  0.165  0.154
 145 L MC   0.681  0.170  0.149
 146 L MC   0.725  0.146  0.129
 147 A MC   0.631  0.210  0.159
 148 V MC   0.580  0.263  0.157
 149 P MC   0.462  0.352  0.185
 150 M TR   0.332  0.499  0.169
 151 L TR   0.250  0.562  0.188
 152 F TR   0.218  0.594  0.188
 153 T TR   0.226  0.579  0.195
 154 M TR   0.212  0.604  0.184
 155 G TR   0.201  0.637  0.163
 156 E TR   0.177  0.656  0.166
 157 Q TR   0.160  0.657  0.184
 158 N TR   0.131  0.677  0.192
 159 R TR   0.145  0.682  0.173
 160 S TR   0.129  0.679  0.193
 161 A TR   0.160  0.615  0.225
 162 D TR   0.147  0.594  0.259
 163 G TR   0.166  0.564  0.270
 164 Q TR   0.144  0.599  0.257
 165 H TR   0.160  0.567  0.273
 166 A TR   0.182  0.539  0.280
 167 G TR   0.283  0.425  0.292
 168 G TR   0.212  0.497  0.292
 169 L TR   0.167  0.465  0.368
 170 V TR   0.168  0.504  0.328
 171 C TR   0.228  0.534  0.238
 172 T TR   0.230  0.566  0.204
 173 P TR   0.218  0.604  0.178
 174 T TR   0.218  0.617  0.165
 175 I TR   0.181  0.677  0.142
 176 H TR   0.168  0.687  0.145
 177 T TR   0.163  0.692  0.144
 178 A TR   0.201  0.672  0.127
 179 T TR   0.215  0.639  0.147
 180 V TR   0.247  0.607  0.146
 181 K TR   0.240  0.619  0.142
 182 V TR   0.225  0.600  0.175
 183 V TR   0.272  0.554  0.174
 184 I TR   0.324  0.510  0.166
 185 Q TR   0.416  0.420  0.164
 186 V MC   0.530  0.326  0.144
 187 N MC   0.612  0.238  0.149
 188 T MC   0.617  0.237  0.146
 189 F MC   0.662  0.185  0.153
 190 M MC   0.683  0.170  0.147
 191 S MC   0.696  0.158  0.146
 192 F MC   0.700  0.160  0.140
 193 I MC   0.693  0.157  0.151
 194 F MC   0.715  0.143  0.142
 195 P MC   0.701  0.146  0.152
 196 M MC   0.667  0.162  0.171
 197 V MC   0.681  0.169  0.150
 198 V MC   0.679  0.167  0.154
 199 I MC   0.660  0.185  0.155
 200 S MC   0.651  0.198  0.151
 201 V MC   0.632  0.219  0.149
 202 L MC   0.574  0.274  0.152
 203 N MC   0.533  0.320  0.147
 204 T MC   0.468  0.374  0.157
 205 I TR   0.381  0.446  0.173
 206 I TR   0.287  0.525  0.187
 207 A TR   0.262  0.564  0.174
 208 N TR   0.218  0.586  0.196
 209 K TR   0.190  0.623  0.187
 210 L TR   0.190  0.622  0.188
 211 T TR   0.157  0.648  0.195
 212 V TR   0.162  0.649  0.190
 213 M TR   0.168  0.653  0.180
 214 V TR   0.171  0.656  0.173
 215 R TR   0.135  0.683  0.183
 216 Q TR   0.118  0.698  0.184
 217 A TR   0.119  0.700  0.180
 218 A TR   0.138  0.687  0.174
 219 E TR   0.119  0.708  0.173
 220 Q TR   0.125  0.697  0.178
 221 G TR   0.135  0.693  0.172
 222 Q TR   0.122  0.694  0.184
 223 V TR   0.130  0.670  0.200
 224 C TR   0.169  0.648  0.183
 225 T TR   0.141  0.663  0.196
 226 V TR   0.139  0.670  0.191
 227 G TR   0.154  0.638  0.208
 228 G TR   0.171  0.628  0.201
 229 E TR   0.153  0.652  0.195
 230 H TR   0.175  0.622  0.203
 231 S TR   0.154  0.642  0.204
 232 T TR   0.153  0.653  0.194
 233 F TR   0.151  0.645  0.204
 234 S TR   0.153  0.666  0.181
 235 M TR   0.172  0.622  0.206
 236 A TR   0.156  0.643  0.201
 237 I TR   0.147  0.673  0.181
 238 E TR   0.167  0.638  0.195
 239 P TR   0.155  0.666  0.179
 240 G TR   0.140  0.669  0.191
 241 R TR   0.124  0.676  0.199
 242 V TR   0.126  0.685  0.189
 243 Q TR   0.128  0.703  0.169
 244 A TR   0.115  0.730  0.156
 245 L TR   0.127  0.705  0.168
 246 R TR   0.156  0.686  0.158
 247 H TR   0.152  0.681  0.167
 248 G TR   0.195  0.633  0.171
 249 V TR   0.236  0.570  0.194
 250 R TR   0.305  0.505  0.189
 251 V MC   0.455  0.369  0.176
 252 L MC   0.556  0.281  0.163
 253 R MC   0.598  0.240  0.162
 254 A MC   0.623  0.213  0.165
 255 V MC   0.674  0.167  0.158
 256 V MC   0.651  0.183  0.165
 257 I MC   0.661  0.180  0.159
 258 A MC   0.675  0.166  0.160
 259 F MC   0.670  0.172  0.158
 260 V MC   0.684  0.165  0.151
 261 V MC   0.699  0.155  0.146
 262 C MC   0.677  0.169  0.154
 263 W MC   0.686  0.156  0.158
 264 L MC   0.670  0.177  0.152
 265 P MC   0.543  0.279  0.178
 266 Y MC   0.543  0.298  0.160
 267 H TR   0.369  0.451  0.179
 268 V TR   0.323  0.465  0.212
 269 R TR   0.305  0.500  0.194
 270 R TR   0.255  0.565  0.180
 271 L TR   0.226  0.554  0.221
 272 M TR   0.220  0.564  0.216
 273 F TR   0.235  0.548  0.217
 274 C TR   0.207  0.586  0.206
 275 Y TR   0.214  0.568  0.218
 276 I TR   0.226  0.584  0.190
 277 S TR   0.180  0.618  0.202
 278 D TR   0.171  0.608  0.221
 279 E TR   0.186  0.607  0.208
 280 Q TR   0.185  0.614  0.201
 281 W TR   0.154  0.638  0.208
 282 T TR   0.172  0.632  0.196
 283 P TR   0.164  0.640  0.196
 284 F TR   0.152  0.668  0.180
 285 L TR   0.190  0.636  0.174
 286 Y TR   0.224  0.604  0.172
 287 D TR   0.228  0.598  0.174
 288 F TR   0.265  0.561  0.174
 289 Y TR   0.353  0.480  0.166
 290 H TR   0.324  0.493  0.183
 291 Y TR   0.393  0.413  0.194
 292 F MC   0.527  0.291  0.182
 293 Y MC   0.463  0.340  0.197
 294 M MC   0.539  0.293  0.168
 295 V MC   0.584  0.229  0.187
 296 T MC   0.613  0.210  0.177
 297 N MC   0.595  0.226  0.179
 298 A MC   0.651  0.187  0.162
 299 L MC   0.659  0.172  0.169
 300 F MC   0.641  0.185  0.175
 301 Y MC   0.656  0.184  0.160
 302 V MC   0.684  0.164  0.152
 303 S MC   0.657  0.173  0.170
 304 S MC   0.654  0.192  0.154
 305 T MC   0.659  0.195  0.146
 306 I MC   0.643  0.197  0.160
 307 N MC   0.556  0.276  0.168
 308 P MC   0.547  0.276  0.177
 309 I MC   0.533  0.296  0.171
 310 L TR   0.333  0.472  0.195
 311 Y TR   0.296  0.509  0.195
 312 N TR   0.266  0.550  0.184
 313 L TR   0.281  0.562  0.157
 314 V TR   0.267  0.599  0.134
 315 S TR   0.220  0.632  0.148
 316 A TR   0.210  0.583  0.207
 317 N TR   0.181  0.628  0.191
 318 F TR   0.185  0.653  0.162
 319 R TR   0.218  0.600  0.182
 320 H TR   0.191  0.580  0.229
 321 I TR   0.256  0.554  0.190
 322 F TR   0.332  0.482  0.187
 323 L TR   0.392  0.424  0.184
 324 A TR   0.358  0.465  0.176
 325 T MC   0.417  0.401  0.181
 326 L TR   0.405  0.423  0.172
 327 A TR   0.235  0.585  0.180
 328 C TR   0.219  0.584  0.198
 329 L TR   0.206  0.613  0.180
 330 C TR   0.229  0.567  0.204
 331 P TR   0.182  0.585  0.233
 332 V TR   0.196  0.618  0.185
 333 W TR   0.197  0.630  0.173
 334 R TR   0.157  0.661  0.183
 335 R TR   0.149  0.678  0.173
 336 R TR   0.118  0.681  0.201
 337 R TR   0.127  0.662  0.211
 338 K TR   0.110  0.660  0.231
 339 R TR   0.127  0.623  0.251
 340 P TR   0.127  0.656  0.217
