   1 L C TR   0.160  0.336  0.074  0.053  0.160  0.026  0.026  0.080  0.085  0.176
   2 D C TR   0.107  0.393  0.087  0.057  0.130  0.022  0.026  0.094  0.084  0.263
   3 V C TR   0.100  0.363  0.086  0.059  0.146  0.023  0.030  0.116  0.077  0.216
   4 N C TR   0.101  0.350  0.094  0.054  0.172  0.021  0.037  0.102  0.070  0.178
   5 T C TR   0.127  0.333  0.081  0.057  0.200  0.029  0.038  0.075  0.059  0.133
   6 D C TR   0.160  0.311  0.068  0.066  0.223  0.028  0.036  0.052  0.057  0.088
   7 I H TR   0.200  0.204  0.055  0.058  0.284  0.045  0.030  0.073  0.052  0.081
   8 Y H TR   0.171  0.146  0.046  0.079  0.336  0.046  0.039  0.060  0.078  0.164
   9 S H TR   0.185  0.121  0.034  0.103  0.295  0.037  0.034  0.080  0.109  0.110
  10 K H TR   0.144  0.108  0.032  0.141  0.325  0.046  0.048  0.067  0.089  0.181
  11 V H TR   0.157  0.067  0.036  0.204  0.246  0.042  0.044  0.078  0.128  0.041
  12 L H MC   0.106  0.063  0.036  0.335  0.188  0.038  0.053  0.065  0.116  0.148
  13 V H MC   0.120  0.068  0.038  0.314  0.180  0.038  0.056  0.076  0.109  0.134
  14 T H MC   0.077  0.043  0.035  0.469  0.124  0.041  0.058  0.067  0.085  0.345
  15 A H MC   0.040  0.040  0.036  0.502  0.122  0.047  0.067  0.072  0.073  0.380
  16 V H MC   0.057  0.030  0.035  0.488  0.101  0.039  0.068  0.102  0.079  0.387
  17 Y H MC   0.040  0.026  0.033  0.480  0.117  0.048  0.054  0.114  0.089  0.364
  18 L H MC   0.061  0.026  0.043  0.495  0.083  0.038  0.062  0.107  0.085  0.388
  19 A H MC   0.067  0.031  0.041  0.526  0.062  0.043  0.055  0.093  0.083  0.433
  20 L H MC   0.114  0.036  0.042  0.523  0.049  0.040  0.053  0.067  0.076  0.410
  21 F H MC   0.074  0.047  0.041  0.535  0.055  0.044  0.062  0.068  0.074  0.461
  22 V H MC   0.132  0.045  0.039  0.491  0.042  0.039  0.072  0.058  0.081  0.359
  23 V H MC   0.209  0.041  0.042  0.469  0.038  0.037  0.049  0.048  0.066  0.260
  24 G H MC   0.208  0.055  0.061  0.459  0.032  0.026  0.051  0.046  0.062  0.251
  25 T H MC   0.260  0.052  0.059  0.412  0.039  0.034  0.043  0.056  0.044  0.152
  26 V H MC   0.290  0.050  0.070  0.385  0.041  0.027  0.046  0.042  0.048  0.095
  27 G H MC   0.270  0.057  0.088  0.389  0.038  0.026  0.041  0.051  0.041  0.119
  28 N H MC   0.150  0.072  0.078  0.439  0.077  0.032  0.059  0.046  0.047  0.288
  29 T H MC   0.124  0.035  0.054  0.446  0.120  0.048  0.060  0.059  0.053  0.322
  30 V H MC   0.086  0.037  0.032  0.381  0.202  0.060  0.055  0.071  0.075  0.179
  31 T H TR   0.053  0.050  0.021  0.251  0.330  0.063  0.065  0.074  0.093  0.079
  32 A H TR   0.056  0.049  0.018  0.171  0.372  0.067  0.095  0.049  0.123  0.201
  33 F H TR   0.039  0.084  0.015  0.137  0.429  0.060  0.077  0.034  0.126  0.292
  34 T H TR   0.034  0.083  0.016  0.139  0.432  0.068  0.068  0.034  0.125  0.293
  35 L H TR   0.044  0.095  0.016  0.107  0.430  0.085  0.060  0.046  0.118  0.312
  36 A H TR   0.020  0.122  0.022  0.117  0.406  0.106  0.046  0.066  0.095  0.284
  37 R H TR   0.025  0.201  0.032  0.086  0.398  0.086  0.041  0.053  0.078  0.197
  38 K H TR   0.037  0.299  0.044  0.076  0.346  0.065  0.035  0.045  0.053  0.047
  39 K H TR   0.020  0.302  0.071  0.080  0.320  0.072  0.031  0.069  0.034  0.018
  40 S C TR   0.030  0.380  0.101  0.062  0.244  0.048  0.022  0.058  0.056  0.136
  41 L C TR   0.028  0.439  0.113  0.057  0.168  0.048  0.025  0.070  0.051  0.271
  42 Q C TR   0.053  0.446  0.109  0.052  0.165  0.037  0.030  0.056  0.051  0.281
  43 S C TR   0.067  0.454  0.093  0.060  0.172  0.028  0.029  0.038  0.059  0.281
  44 L C TR   0.061  0.406  0.103  0.047  0.190  0.030  0.020  0.059  0.083  0.216
  45 Q C TR   0.082  0.351  0.103  0.056  0.203  0.037  0.023  0.064  0.080  0.148
  46 S C TR   0.124  0.310  0.091  0.063  0.194  0.027  0.029  0.073  0.088  0.116
  47 T H TR   0.132  0.202  0.068  0.072  0.295  0.036  0.041  0.060  0.093  0.093
  48 V H TR   0.136  0.132  0.049  0.100  0.335  0.047  0.044  0.060  0.096  0.199
  49 H H TR   0.088  0.101  0.035  0.120  0.381  0.068  0.044  0.065  0.098  0.261
  50 Y H TR   0.106  0.064  0.030  0.139  0.363  0.084  0.049  0.079  0.087  0.223
  51 H H TR   0.075  0.059  0.030  0.256  0.294  0.076  0.059  0.066  0.086  0.038
  52 L H MC   0.077  0.058  0.028  0.302  0.241  0.071  0.061  0.082  0.080  0.061
  53 G H MC   0.071  0.054  0.036  0.371  0.198  0.075  0.066  0.064  0.065  0.173
  54 S H MC   0.102  0.080  0.041  0.334  0.205  0.073  0.052  0.053  0.061  0.129
  55 L H MC   0.118  0.060  0.045  0.374  0.149  0.100  0.043  0.067  0.045  0.225
  56 A H MC   0.109  0.054  0.052  0.479  0.089  0.087  0.044  0.046  0.041  0.370
  57 L H MC   0.182  0.049  0.051  0.409  0.074  0.097  0.044  0.057  0.036  0.228
  58 S H MC   0.121  0.060  0.059  0.460  0.084  0.088  0.044  0.050  0.035  0.339
  59 D H MC   0.117  0.071  0.067  0.441  0.096  0.091  0.033  0.049  0.033  0.324
  60 L H MC   0.102  0.052  0.059  0.487  0.078  0.094  0.030  0.057  0.040  0.385
  61 L H MC   0.081  0.045  0.051  0.512  0.069  0.082  0.029  0.075  0.057  0.430
  62 T H MC   0.095  0.047  0.038  0.497  0.083  0.091  0.031  0.056  0.061  0.402
  63 L H MC   0.097  0.055  0.038  0.499  0.086  0.066  0.036  0.049  0.074  0.402
  64 L H MC   0.081  0.063  0.037  0.465  0.112  0.057  0.039  0.060  0.086  0.352
  65 L C MC   0.281  0.082  0.041  0.232  0.142  0.050  0.036  0.054  0.083  0.049
  66 A C MC   0.308  0.167  0.071  0.164  0.097  0.024  0.037  0.043  0.087  0.141
  67 M C MC   0.281  0.195  0.071  0.141  0.099  0.025  0.046  0.057  0.087  0.087
  68 P C TR   0.156  0.212  0.072  0.156  0.194  0.031  0.060  0.049  0.069  0.018
  69 V H TR   0.177  0.113  0.041  0.153  0.302  0.069  0.048  0.042  0.055  0.125
  70 E H TR   0.073  0.094  0.038  0.142  0.384  0.092  0.050  0.065  0.063  0.242
  71 L H TR   0.060  0.118  0.035  0.128  0.362  0.076  0.058  0.082  0.080  0.233
  72 Y H TR   0.134  0.138  0.036  0.112  0.347  0.073  0.045  0.057  0.058  0.209
  73 N H TR   0.055  0.168  0.029  0.113  0.390  0.069  0.062  0.053  0.060  0.222
  74 F H TR   0.076  0.148  0.033  0.129  0.364  0.086  0.041  0.070  0.054  0.216
  75 I H TR   0.121  0.194  0.039  0.076  0.347  0.064  0.048  0.049  0.062  0.153
  76 W H TR   0.104  0.218  0.044  0.072  0.323  0.063  0.039  0.079  0.058  0.106
  77 V C TR   0.140  0.291  0.075  0.073  0.176  0.033  0.036  0.122  0.054  0.116
  78 H C TR   0.176  0.318  0.082  0.068  0.172  0.033  0.052  0.057  0.043  0.142
  79 H C TR   0.090  0.373  0.123  0.070  0.149  0.030  0.043  0.079  0.043  0.224
  80 P C TR   0.188  0.338  0.131  0.079  0.111  0.026  0.029  0.050  0.048  0.151
  81 W C MC   0.274  0.247  0.101  0.072  0.114  0.030  0.022  0.072  0.067  0.027
  82 A C MC   0.243  0.171  0.065  0.095  0.184  0.032  0.032  0.086  0.092  0.059
  83 F C TR   0.222  0.240  0.097  0.123  0.114  0.027  0.039  0.061  0.077  0.018
  84 G C TR   0.137  0.305  0.095  0.152  0.105  0.026  0.067  0.052  0.060  0.154
  85 D C TR   0.131  0.242  0.088  0.148  0.156  0.028  0.086  0.062  0.059  0.086
  86 A H MC   0.097  0.152  0.063  0.209  0.197  0.036  0.104  0.074  0.068  0.012
  87 G H TR   0.112  0.120  0.064  0.170  0.215  0.033  0.082  0.118  0.085  0.045
  88 C H TR   0.119  0.140  0.056  0.158  0.223  0.037  0.091  0.090  0.087  0.065
  89 R H TR   0.073  0.130  0.041  0.153  0.336  0.045  0.095  0.063  0.063  0.183
  90 G H MC   0.158  0.085  0.036  0.252  0.172  0.038  0.077  0.084  0.098  0.081
  91 Y H MC   0.088  0.082  0.039  0.249  0.236  0.058  0.064  0.072  0.113  0.013
  92 Y H TR   0.056  0.091  0.029  0.175  0.333  0.058  0.050  0.116  0.092  0.159
  93 F H TR   0.054  0.152  0.034  0.191  0.313  0.065  0.040  0.059  0.092  0.123
  94 L H TR   0.056  0.105  0.035  0.197  0.328  0.082  0.044  0.060  0.094  0.131
  95 R H TR   0.103  0.141  0.041  0.182  0.277  0.061  0.041  0.053  0.102  0.095
  96 D H TR   0.041  0.118  0.032  0.178  0.347  0.077  0.041  0.074  0.093  0.169
  97 A H TR   0.065  0.090  0.055  0.219  0.271  0.060  0.048  0.074  0.118  0.051
  98 C H TR   0.048  0.122  0.036  0.214  0.278  0.049  0.041  0.078  0.135  0.064
  99 T H TR   0.121  0.082  0.043  0.218  0.249  0.071  0.044  0.080  0.092  0.031
 100 Y H TR   0.142  0.088  0.037  0.201  0.229  0.047  0.047  0.084  0.124  0.028
 101 A H TR   0.125  0.053  0.030  0.187  0.266  0.054  0.050  0.112  0.122  0.079
 102 T H MC   0.091  0.050  0.038  0.305  0.232  0.052  0.046  0.082  0.105  0.073
 103 A H MC   0.057  0.041  0.032  0.392  0.191  0.065  0.040  0.084  0.098  0.201
 104 L H MC   0.066  0.038  0.039  0.444  0.128  0.064  0.049  0.096  0.076  0.317
 105 N H MC   0.065  0.043  0.038  0.450  0.144  0.072  0.040  0.063  0.085  0.306
 106 V H MC   0.052  0.055  0.029  0.430  0.181  0.065  0.059  0.053  0.076  0.249
 107 A H MC   0.099  0.047  0.037  0.465  0.105  0.068  0.052  0.052  0.075  0.360
 108 S H MC   0.087  0.055  0.032  0.414  0.164  0.059  0.052  0.046  0.091  0.249
 109 L H MC   0.130  0.043  0.033  0.317  0.183  0.066  0.041  0.066  0.121  0.134
 110 S H TR   0.159  0.078  0.037  0.223  0.228  0.069  0.044  0.094  0.069  0.005
 111 V H MC   0.104  0.082  0.044  0.241  0.228  0.077  0.040  0.105  0.080  0.013
 112 E H TR   0.100  0.117  0.058  0.158  0.312  0.077  0.046  0.061  0.071  0.155
 113 R H TR   0.127  0.105  0.049  0.145  0.324  0.058  0.047  0.063  0.082  0.179
 114 Y H TR   0.096  0.065  0.027  0.134  0.391  0.065  0.040  0.072  0.110  0.257
 115 L H TR   0.104  0.077  0.022  0.133  0.355  0.050  0.040  0.071  0.148  0.208
 116 A H TR   0.115  0.088  0.027  0.101  0.315  0.043  0.034  0.087  0.191  0.123
 117 I H TR   0.110  0.191  0.026  0.079  0.302  0.039  0.043  0.052  0.158  0.111
 118 C H TR   0.082  0.151  0.031  0.080  0.343  0.038  0.058  0.063  0.153  0.190
 119 H C TR   0.096  0.271  0.049  0.085  0.267  0.038  0.038  0.047  0.109  0.004
 120 P H TR   0.043  0.214  0.042  0.086  0.400  0.056  0.046  0.053  0.060  0.186
 121 F H TR   0.063  0.192  0.050  0.085  0.404  0.078  0.036  0.049  0.044  0.211
 122 K H TR   0.025  0.241  0.044  0.076  0.413  0.060  0.030  0.059  0.051  0.172
 123 A H TR   0.024  0.218  0.046  0.068  0.424  0.082  0.030  0.054  0.053  0.206
 124 K H TR   0.027  0.212  0.047  0.067  0.433  0.092  0.031  0.045  0.047  0.221
 125 T H TR   0.026  0.225  0.032  0.065  0.402  0.090  0.025  0.070  0.066  0.177
 126 L H TR   0.042  0.248  0.033  0.062  0.379  0.075  0.024  0.063  0.074  0.131
 127 M H TR   0.048  0.305  0.040  0.052  0.337  0.057  0.027  0.056  0.078  0.032
 128 S H TR   0.078  0.282  0.037  0.061  0.340  0.043  0.034  0.048  0.078  0.058
 129 R H TR   0.039  0.194  0.033  0.078  0.431  0.072  0.043  0.046  0.065  0.237
 130 S H TR   0.030  0.197  0.032  0.076  0.429  0.049  0.054  0.065  0.068  0.232
 131 R H TR   0.039  0.120  0.029  0.095  0.430  0.053  0.050  0.078  0.106  0.310
 132 T H TR   0.047  0.096  0.032  0.094  0.432  0.054  0.049  0.089  0.107  0.325
 133 K H TR   0.067  0.073  0.033  0.142  0.384  0.038  0.053  0.086  0.124  0.242
 134 K H TR   0.087  0.039  0.025  0.191  0.344  0.045  0.048  0.093  0.128  0.153
 135 F H MC   0.063  0.041  0.027  0.395  0.166  0.042  0.040  0.100  0.126  0.230
 136 I H MC   0.078  0.045  0.035  0.467  0.108  0.034  0.038  0.095  0.100  0.359
 137 S H MC   0.135  0.041  0.041  0.465  0.078  0.033  0.036  0.078  0.093  0.330
 138 A H MC   0.114  0.043  0.046  0.494  0.069  0.034  0.049  0.072  0.079  0.380
 139 I H MC   0.091  0.040  0.046  0.523  0.065  0.043  0.045  0.078  0.069  0.433
 140 W H MC   0.093  0.037  0.048  0.526  0.081  0.047  0.044  0.066  0.056  0.432
 141 L H MC   0.091  0.037  0.044  0.533  0.067  0.053  0.061  0.063  0.051  0.441
 142 A H MC   0.060  0.040  0.048  0.552  0.061  0.046  0.055  0.074  0.063  0.478
 143 S H MC   0.076  0.038  0.044  0.545  0.060  0.047  0.071  0.058  0.061  0.469
 144 A H MC   0.093  0.054  0.052  0.535  0.064  0.045  0.053  0.047  0.058  0.442
 145 L H MC   0.098  0.051  0.047  0.537  0.060  0.046  0.047  0.059  0.055  0.439
 146 L H MC   0.276  0.050  0.053  0.419  0.040  0.031  0.031  0.057  0.045  0.143
 147 A H MC   0.199  0.082  0.068  0.391  0.062  0.024  0.042  0.066  0.067  0.191
 148 V H MC   0.263  0.123  0.079  0.283  0.080  0.030  0.034  0.060  0.048  0.021
 149 P H MC   0.141  0.143  0.079  0.286  0.150  0.042  0.036  0.059  0.064  0.136
 150 M H TR   0.148  0.146  0.047  0.149  0.289  0.052  0.034  0.064  0.070  0.140
 151 L H TR   0.090  0.106  0.038  0.128  0.370  0.067  0.032  0.085  0.082  0.242
 152 F H TR   0.070  0.172  0.036  0.098  0.380  0.060  0.050  0.043  0.091  0.208
 153 T H TR   0.089  0.181  0.034  0.088  0.344  0.044  0.048  0.053  0.118  0.163
 154 M H TR   0.044  0.184  0.041  0.095  0.331  0.044  0.073  0.089  0.098  0.146
 155 G H TR   0.057  0.266  0.049  0.073  0.291  0.028  0.070  0.079  0.086  0.025
 156 E H TR   0.058  0.262  0.039  0.056  0.293  0.031  0.064  0.102  0.096  0.031
 157 Q H TR   0.047  0.234  0.044  0.049  0.309  0.030  0.064  0.114  0.110  0.075
 158 N C TR   0.036  0.290  0.058  0.048  0.235  0.030  0.047  0.152  0.104  0.056
 159 R C TR   0.055  0.328  0.067  0.043  0.265  0.035  0.047  0.089  0.072  0.063
 160 S C TR   0.054  0.414  0.089  0.048  0.195  0.033  0.027  0.070  0.071  0.219
 161 A C TR   0.096  0.409  0.134  0.045  0.165  0.032  0.020  0.042  0.058  0.244
 162 D C TR   0.084  0.396  0.154  0.048  0.146  0.046  0.015  0.051  0.060  0.242
 163 G C TR   0.101  0.337  0.160  0.050  0.163  0.030  0.015  0.064  0.081  0.174
 164 Q C TR   0.068  0.360  0.141  0.058  0.176  0.031  0.017  0.063  0.085  0.185
 165 H C TR   0.075  0.309  0.116  0.065  0.188  0.027  0.020  0.070  0.130  0.121
 166 A C TR   0.090  0.281  0.102  0.071  0.203  0.025  0.021  0.055  0.153  0.078
 167 G C TR   0.169  0.225  0.085  0.086  0.166  0.022  0.028  0.033  0.186  0.040
 168 G C TR   0.097  0.262  0.074  0.084  0.188  0.018  0.031  0.047  0.200  0.062
 169 L E SO   0.032  0.209  0.062  0.092  0.154  0.021  0.043  0.102  0.285  0.076
 170 V C TR   0.061  0.290  0.079  0.069  0.123  0.019  0.038  0.091  0.230  0.059
 171 C C TR   0.094  0.298  0.093  0.080  0.124  0.023  0.054  0.112  0.122  0.175
 172 T C TR   0.124  0.375  0.108  0.073  0.108  0.021  0.033  0.083  0.074  0.251
 173 P C TR   0.080  0.364  0.103  0.085  0.155  0.030  0.053  0.085  0.045  0.209
 174 T C TR   0.100  0.366  0.099  0.074  0.200  0.027  0.044  0.050  0.039  0.166
 175 I C TR   0.063  0.372  0.082  0.060  0.247  0.028  0.058  0.058  0.032  0.125
 176 H C TR   0.064  0.369  0.077  0.067  0.254  0.039  0.037  0.064  0.030  0.115
 177 T H TR   0.048  0.306  0.067  0.071  0.318  0.045  0.045  0.069  0.033  0.012
 178 A H TR   0.059  0.254  0.041  0.082  0.356  0.053  0.060  0.062  0.033  0.102
 179 T H TR   0.083  0.207  0.041  0.076  0.370  0.066  0.056  0.062  0.040  0.163
 180 V H TR   0.123  0.116  0.030  0.075  0.427  0.067  0.049  0.063  0.050  0.304
 181 K H TR   0.089  0.132  0.024  0.095  0.419  0.055  0.055  0.067  0.063  0.287
 182 V H TR   0.055  0.090  0.024  0.114  0.432  0.081  0.056  0.079  0.070  0.318
 183 V H TR   0.075  0.122  0.027  0.144  0.375  0.065  0.052  0.057  0.082  0.231
 184 I H TR   0.090  0.070  0.022  0.179  0.367  0.070  0.055  0.072  0.074  0.189
 185 Q H TR   0.098  0.063  0.028  0.255  0.279  0.055  0.062  0.079  0.081  0.024
 186 V H MC   0.152  0.036  0.033  0.309  0.185  0.040  0.069  0.105  0.072  0.124
 187 N H MC   0.162  0.040  0.040  0.383  0.122  0.037  0.067  0.077  0.073  0.221
 188 T H MC   0.153  0.041  0.046  0.397  0.114  0.039  0.067  0.083  0.060  0.244
 189 F H MC   0.190  0.049  0.058  0.410  0.082  0.045  0.062  0.053  0.050  0.220
 190 M H MC   0.149  0.041  0.054  0.483  0.059  0.042  0.052  0.070  0.051  0.335
 191 S H MC   0.196  0.048  0.055  0.453  0.052  0.042  0.047  0.058  0.049  0.257
 192 F C MC   0.368  0.058  0.066  0.291  0.053  0.032  0.042  0.048  0.042  0.077
 193 I H MC   0.217  0.053  0.072  0.428  0.032  0.029  0.047  0.072  0.050  0.212
 194 F H MC   0.193  0.042  0.066  0.482  0.039  0.031  0.040  0.063  0.045  0.289
 195 P H MC   0.160  0.042  0.067  0.495  0.055  0.039  0.047  0.050  0.046  0.335
 196 M H MC   0.088  0.040  0.056  0.531  0.059  0.062  0.049  0.063  0.053  0.442
 197 V H MC   0.114  0.035  0.043  0.508  0.076  0.050  0.060  0.057  0.057  0.394
 198 V H MC   0.121  0.041  0.038  0.509  0.078  0.064  0.049  0.048  0.052  0.388
 199 I H MC   0.101  0.043  0.040  0.502  0.088  0.058  0.058  0.053  0.057  0.401
 200 S H MC   0.115  0.030  0.033  0.473  0.104  0.063  0.063  0.063  0.055  0.358
 201 V H MC   0.087  0.038  0.035  0.485  0.117  0.056  0.060  0.064  0.058  0.369
 202 L H MC   0.058  0.052  0.035  0.457  0.155  0.070  0.059  0.067  0.047  0.303
 203 N H MC   0.039  0.057  0.036  0.431  0.206  0.062  0.063  0.057  0.049  0.225
 204 T H MC   0.079  0.045  0.024  0.328  0.276  0.091  0.061  0.053  0.042  0.052
 205 I H TR   0.054  0.048  0.026  0.259  0.342  0.095  0.067  0.056  0.052  0.083
 206 I H TR   0.039  0.083  0.022  0.199  0.380  0.100  0.049  0.062  0.065  0.181
 207 A H TR   0.033  0.094  0.022  0.174  0.412  0.085  0.056  0.058  0.066  0.239
 208 N H TR   0.050  0.098  0.021  0.125  0.434  0.108  0.044  0.054  0.066  0.309
 209 K H TR   0.027  0.123  0.020  0.128  0.433  0.085  0.035  0.067  0.082  0.306
 210 L H TR   0.043  0.144  0.031  0.118  0.394  0.085  0.029  0.084  0.072  0.250
 211 T H TR   0.038  0.190  0.033  0.094  0.378  0.104  0.026  0.080  0.058  0.188
 212 V H TR   0.064  0.231  0.043  0.077  0.339  0.082  0.021  0.078  0.065  0.107
 213 M H TR   0.079  0.222  0.037  0.065  0.352  0.071  0.023  0.079  0.073  0.129
 214 V H TR   0.074  0.247  0.048  0.069  0.336  0.065  0.028  0.074  0.059  0.089
 215 R H TR   0.046  0.283  0.061  0.064  0.315  0.056  0.025  0.085  0.065  0.032
 216 Q C TR   0.033  0.368  0.073  0.063  0.268  0.049  0.022  0.063  0.062  0.100
 217 A C TR   0.037  0.392  0.084  0.054  0.248  0.043  0.027  0.061  0.053  0.144
 218 A C TR   0.049  0.341  0.064  0.062  0.299  0.043  0.027  0.048  0.068  0.042
 219 E C TR   0.031  0.352  0.063  0.058  0.283  0.049  0.030  0.074  0.060  0.068
 220 Q H TR   0.038  0.282  0.064  0.062  0.324  0.055  0.025  0.091  0.058  0.041
 221 G H TR   0.041  0.306  0.064  0.063  0.311  0.049  0.031  0.075  0.059  0.005
 222 Q C TR   0.037  0.333  0.076  0.059  0.283  0.048  0.026  0.077  0.061  0.050
 223 V C TR   0.049  0.350  0.077  0.061  0.235  0.052  0.020  0.085  0.071  0.116
 224 C C TR   0.101  0.310  0.068  0.048  0.280  0.042  0.020  0.057  0.073  0.030
 225 T C TR   0.071  0.370  0.081  0.050  0.218  0.048  0.020  0.074  0.067  0.152
 226 V C TR   0.052  0.360  0.090  0.064  0.207  0.046  0.023  0.103  0.055  0.153
 227 G C TR   0.061  0.346  0.109  0.064  0.229  0.049  0.029  0.064  0.050  0.117
 228 G C TR   0.067  0.331  0.115  0.078  0.218  0.044  0.026  0.079  0.042  0.114
 229 E C TR   0.052  0.296  0.101  0.077  0.270  0.038  0.024  0.086  0.056  0.026
 230 H H TR   0.081  0.226  0.086  0.073  0.273  0.047  0.021  0.123  0.069  0.047
 231 S C TR   0.065  0.283  0.092  0.067  0.281  0.038  0.022  0.078  0.074  0.002
 232 T H TR   0.058  0.256  0.056  0.071  0.343  0.053  0.024  0.054  0.085  0.087
 233 F H TR   0.060  0.224  0.053  0.070  0.351  0.074  0.021  0.070  0.077  0.127
 234 S H TR   0.062  0.261  0.048  0.068  0.341  0.063  0.024  0.064  0.070  0.079
 235 M H TR   0.074  0.238  0.055  0.071  0.331  0.072  0.027  0.053  0.079  0.093
 236 A C TR   0.068  0.309  0.060  0.056  0.255  0.059  0.032  0.080  0.082  0.054
 237 I C TR   0.056  0.283  0.049  0.058  0.258  0.081  0.033  0.131  0.050  0.025
 238 E H TR   0.067  0.283  0.068  0.063  0.295  0.090  0.038  0.060  0.037  0.012
 239 P H TR   0.053  0.233  0.050  0.065  0.382  0.095  0.037  0.051  0.034  0.149
 240 G H TR   0.035  0.218  0.056  0.062  0.397  0.106  0.043  0.054  0.029  0.180
 241 R H TR   0.036  0.228  0.034  0.058  0.394  0.120  0.030  0.055  0.045  0.166
 242 V H TR   0.041  0.213  0.033  0.060  0.384  0.103  0.025  0.088  0.053  0.170
 243 Q H TR   0.044  0.281  0.036  0.064  0.360  0.086  0.020  0.062  0.047  0.079
 244 A H TR   0.044  0.249  0.039  0.047  0.399  0.062  0.024  0.082  0.054  0.151
 245 L H TR   0.045  0.239  0.042  0.053  0.376  0.079  0.029  0.090  0.047  0.138
 246 R H TR   0.062  0.235  0.045  0.067  0.356  0.055  0.027  0.094  0.058  0.121
 247 H H TR   0.046  0.217  0.033  0.084  0.352  0.052  0.023  0.112  0.083  0.136
 248 G H TR   0.050  0.148  0.030  0.111  0.392  0.053  0.034  0.093  0.088  0.244
 249 V H TR   0.064  0.086  0.033  0.129  0.384  0.061  0.042  0.101  0.101  0.254
 250 R H TR   0.081  0.091  0.029  0.170  0.350  0.052  0.055  0.064  0.108  0.180
 251 V H MC   0.039  0.031  0.023  0.357  0.230  0.044  0.060  0.107  0.109  0.127
 252 L H MC   0.039  0.024  0.027  0.457  0.174  0.054  0.060  0.084  0.082  0.284
 253 R H MC   0.049  0.023  0.029  0.482  0.125  0.050  0.068  0.091  0.083  0.356
 254 A H MC   0.046  0.022  0.027  0.490  0.108  0.062  0.086  0.082  0.075  0.382
 255 V H MC   0.046  0.027  0.031  0.512  0.076  0.052  0.117  0.064  0.075  0.395
 256 V H MC   0.043  0.022  0.030  0.486  0.081  0.064  0.122  0.081  0.071  0.364
 257 I H MC   0.033  0.028  0.038  0.523  0.087  0.055  0.105  0.064  0.066  0.418
 258 A H MC   0.062  0.036  0.038  0.528  0.061  0.054  0.085  0.068  0.068  0.443
 259 F H MC   0.091  0.031  0.036  0.515  0.069  0.053  0.063  0.072  0.068  0.424
 260 V H MC   0.103  0.032  0.041  0.516  0.067  0.042  0.064  0.066  0.068  0.413
 261 V H MC   0.132  0.052  0.046  0.525  0.049  0.041  0.042  0.053  0.059  0.393
 262 C H MC   0.284  0.071  0.057  0.353  0.054  0.037  0.040  0.043  0.060  0.070
 263 W H MC   0.318  0.059  0.058  0.327  0.053  0.029  0.040  0.043  0.072  0.009
 264 L H MC   0.317  0.080  0.076  0.322  0.046  0.022  0.031  0.051  0.054  0.005
 265 P H MC   0.127  0.094  0.058  0.361  0.128  0.049  0.056  0.056  0.070  0.232
 266 Y H MC   0.205  0.074  0.050  0.286  0.172  0.060  0.052  0.052  0.050  0.081
 267 H H TR   0.083  0.073  0.039  0.227  0.296  0.065  0.059  0.083  0.075  0.068
 268 V H TR   0.078  0.066  0.038  0.186  0.321  0.079  0.059  0.078  0.095  0.136
 269 R H TR   0.082  0.073  0.030  0.159  0.359  0.072  0.064  0.069  0.092  0.200
 270 R H TR   0.030  0.086  0.023  0.149  0.411  0.062  0.077  0.067  0.096  0.263
 271 L H TR   0.038  0.102  0.025  0.132  0.391  0.059  0.055  0.061  0.137  0.254
 272 M H TR   0.038  0.115  0.024  0.113  0.384  0.063  0.068  0.065  0.129  0.255
 273 F H TR   0.033  0.100  0.028  0.137  0.398  0.086  0.065  0.050  0.102  0.261
 274 C H TR   0.030  0.127  0.031  0.114  0.403  0.088  0.064  0.057  0.087  0.276
 275 Y H TR   0.062  0.177  0.046  0.100  0.337  0.063  0.052  0.054  0.109  0.160
 276 I C TR   0.055  0.300  0.079  0.092  0.207  0.045  0.079  0.078  0.067  0.093
 277 S C TR   0.046  0.407  0.118  0.083  0.133  0.032  0.050  0.079  0.051  0.274
 278 D C TR   0.060  0.418  0.123  0.077  0.119  0.036  0.034  0.071  0.061  0.294
 279 E C TR   0.079  0.392  0.099  0.073  0.131  0.034  0.034  0.083  0.075  0.261
 280 Q C TR   0.089  0.403  0.112  0.060  0.119  0.037  0.035  0.092  0.052  0.284
 281 W C TR   0.063  0.442  0.116  0.059  0.105  0.026  0.032  0.091  0.066  0.326
 282 T C TR   0.069  0.439  0.101  0.079  0.110  0.034  0.024  0.083  0.062  0.329
 283 P C TR   0.070  0.437  0.106  0.070  0.133  0.034  0.024  0.070  0.056  0.304
 284 F C TR   0.063  0.343  0.084  0.066  0.230  0.038  0.023  0.095  0.059  0.114
 285 L H TR   0.069  0.252  0.055  0.071  0.330  0.068  0.051  0.053  0.050  0.078
 286 Y H TR   0.053  0.168  0.042  0.102  0.396  0.085  0.069  0.040  0.045  0.229
 287 D H TR   0.048  0.220  0.054  0.110  0.310  0.071  0.070  0.068  0.049  0.091
 288 F H TR   0.066  0.096  0.037  0.126  0.389  0.078  0.073  0.076  0.059  0.263
 289 Y H TR   0.083  0.083  0.036  0.184  0.333  0.087  0.086  0.064  0.044  0.150
 290 H H TR   0.048  0.072  0.031  0.191  0.357  0.095  0.085  0.064  0.056  0.166
 291 Y H TR   0.055  0.058  0.039  0.270  0.277  0.069  0.068  0.079  0.086  0.006
 292 F H MC   0.071  0.060  0.044  0.392  0.147  0.055  0.064  0.085  0.083  0.245
 293 Y H MC   0.082  0.073  0.052  0.325  0.163  0.056  0.055  0.104  0.090  0.163
 294 M H MC   0.077  0.048  0.041  0.423  0.141  0.053  0.039  0.104  0.074  0.282
 295 V H MC   0.095  0.040  0.040  0.442  0.087  0.044  0.047  0.102  0.103  0.339
 296 T H MC   0.120  0.036  0.042  0.452  0.082  0.045  0.041  0.092  0.089  0.332
 297 N H MC   0.143  0.049  0.055  0.403  0.120  0.042  0.049  0.057  0.082  0.260
 298 A H MC   0.126  0.049  0.052  0.474  0.084  0.046  0.051  0.054  0.064  0.348
 299 L H MC   0.126  0.044  0.046  0.474  0.070  0.051  0.059  0.058  0.072  0.348
 300 F H MC   0.112  0.039  0.042  0.460  0.091  0.061  0.069  0.055  0.072  0.347
 301 Y H MC   0.164  0.039  0.045  0.434  0.084  0.055  0.058  0.061  0.059  0.270
 302 V H MC   0.214  0.044  0.056  0.422  0.050  0.041  0.048  0.070  0.055  0.208
 303 S H MC   0.229  0.052  0.077  0.376  0.059  0.039  0.053  0.063  0.054  0.147
 304 S C MC   0.405  0.065  0.078  0.219  0.056  0.029  0.029  0.071  0.046  0.186
 305 T C MC   0.461  0.074  0.071  0.161  0.067  0.026  0.037  0.054  0.049  0.301
 306 I C MC   0.409  0.072  0.076  0.187  0.067  0.026  0.047  0.058  0.057  0.223
 307 N C MC   0.412  0.118  0.075  0.104  0.112  0.026  0.039  0.046  0.067  0.294
 308 P H MC   0.238  0.079  0.060  0.273  0.151  0.053  0.036  0.047  0.064  0.035
 309 I H MC   0.143  0.051  0.036  0.332  0.197  0.063  0.058  0.049  0.072  0.135
 310 L H TR   0.077  0.067  0.025  0.172  0.349  0.065  0.084  0.057  0.106  0.177
 311 Y H TR   0.035  0.080  0.018  0.130  0.400  0.080  0.130  0.029  0.098  0.269
 312 N H TR   0.036  0.090  0.017  0.114  0.435  0.071  0.115  0.025  0.096  0.319
 313 L H TR   0.109  0.121  0.025  0.105  0.406  0.073  0.066  0.035  0.059  0.284
 314 V H TR   0.118  0.207  0.039  0.085  0.320  0.049  0.064  0.072  0.046  0.114
 315 S C TR   0.085  0.324  0.071  0.071  0.262  0.045  0.063  0.047  0.032  0.062
 316 A H TR   0.070  0.259  0.072  0.084  0.280  0.115  0.056  0.044  0.019  0.021
 317 N H TR   0.040  0.247  0.079  0.085  0.328  0.090  0.057  0.052  0.022  0.081
 318 F H TR   0.037  0.184  0.061  0.097  0.395  0.077  0.051  0.074  0.024  0.211
 319 R H TR   0.049  0.148  0.051  0.111  0.383  0.100  0.058  0.069  0.030  0.235
 320 H H TR   0.041  0.086  0.027  0.112  0.427  0.155  0.038  0.067  0.048  0.272
 321 I H TR   0.033  0.072  0.025  0.182  0.391  0.110  0.041  0.090  0.054  0.209
 322 F H TR   0.026  0.059  0.025  0.247  0.382  0.123  0.058  0.041  0.038  0.134
 323 L H TR   0.023  0.053  0.022  0.301  0.328  0.109  0.067  0.044  0.053  0.027
 324 A H TR   0.031  0.058  0.021  0.254  0.347  0.078  0.074  0.060  0.077  0.094
 325 T H MC   0.037  0.073  0.027  0.308  0.283  0.075  0.073  0.045  0.079  0.025
 326 L H TR   0.033  0.081  0.033  0.256  0.305  0.053  0.116  0.037  0.086  0.049
 327 A H TR   0.066  0.161  0.044  0.115  0.377  0.041  0.054  0.047  0.094  0.215
 328 C H TR   0.103  0.231  0.054  0.085  0.305  0.035  0.030  0.048  0.108  0.073
 329 L C TR   0.084  0.291  0.076  0.088  0.241  0.031  0.035  0.081  0.074  0.050
 330 C C TR   0.132  0.327  0.111  0.065  0.199  0.028  0.032  0.041  0.064  0.127
 331 P C TR   0.095  0.399  0.157  0.055  0.156  0.025  0.032  0.030  0.050  0.242
 332 V C TR   0.103  0.388  0.115  0.052  0.203  0.028  0.041  0.028  0.042  0.185
 333 W C TR   0.110  0.384  0.106  0.041  0.213  0.026  0.046  0.033  0.041  0.172
 334 R C TR   0.084  0.409  0.114  0.039  0.214  0.022  0.034  0.038  0.046  0.196
 335 R C TR   0.082  0.400  0.103  0.036  0.235  0.021  0.031  0.043  0.049  0.165
 336 R C TR   0.053  0.418  0.123  0.038  0.214  0.025  0.027  0.049  0.052  0.204
 337 R C TR   0.058  0.430  0.132  0.041  0.156  0.022  0.029  0.076  0.057  0.274
 338 K C TR   0.044  0.418  0.153  0.042  0.153  0.020  0.024  0.089  0.058  0.265
 339 R C TR   0.066  0.445  0.181  0.040  0.133  0.020  0.021  0.045  0.049  0.264
 340 P C TR   0.054  0.423  0.151  0.045  0.193  0.025  0.028  0.039  0.041  0.230
