   1 L C   0.570  0.239  0.191
   2 D C   0.587  0.209  0.204
   3 V C   0.549  0.228  0.223
   4 N C   0.545  0.247  0.208
   5 T C   0.541  0.286  0.173
   6 D C   0.539  0.317  0.144
   7 I C   0.458  0.387  0.155
   8 Y H   0.363  0.460  0.177
   9 S H   0.340  0.436  0.224
  10 K H   0.284  0.512  0.203
  11 V H   0.259  0.491  0.250
  12 L H   0.205  0.561  0.233
  13 V H   0.226  0.532  0.241
  14 T H   0.155  0.635  0.210
  15 A H   0.116  0.671  0.213
  16 V H   0.123  0.629  0.249
  17 Y H   0.098  0.645  0.256
  18 L H   0.130  0.616  0.254
  19 A H   0.139  0.630  0.230
  20 L H   0.192  0.613  0.196
  21 F H   0.162  0.634  0.204
  22 V H   0.216  0.573  0.211
  23 V H   0.293  0.544  0.164
  24 G H   0.324  0.517  0.159
  25 T H   0.371  0.485  0.144
  26 V H   0.411  0.453  0.136
  27 G H   0.414  0.453  0.133
  28 N H   0.300  0.548  0.152
  29 T H   0.212  0.614  0.173
  30 V H   0.155  0.643  0.201
  31 T H   0.124  0.644  0.232
  32 A H   0.122  0.610  0.267
  33 F H   0.138  0.625  0.236
  34 T H   0.133  0.639  0.228
  35 L H   0.155  0.621  0.224
  36 A H   0.164  0.629  0.207
  37 R H   0.258  0.570  0.172
  38 K H   0.379  0.487  0.134
  39 K H   0.394  0.473  0.134
  40 S C   0.510  0.354  0.136
  41 L C   0.580  0.274  0.146
  42 Q C   0.609  0.254  0.137
  43 S C   0.613  0.261  0.126
  44 L C   0.571  0.267  0.163
  45 Q C   0.536  0.296  0.168
  46 S C   0.525  0.284  0.191
  47 T H   0.403  0.403  0.194
  48 V H   0.318  0.482  0.200
  49 H H   0.224  0.569  0.207
  50 Y H   0.199  0.586  0.215
  51 H H   0.163  0.626  0.211
  52 L H   0.163  0.614  0.223
  53 G H   0.161  0.644  0.195
  54 S H   0.223  0.611  0.166
  55 L H   0.223  0.622  0.154
  56 A H   0.215  0.654  0.131
  57 L H   0.281  0.581  0.138
  58 S H   0.239  0.631  0.129
  59 D H   0.256  0.629  0.115
  60 L H   0.213  0.659  0.128
  61 L H   0.177  0.663  0.161
  62 T H   0.180  0.671  0.148
  63 L H   0.190  0.651  0.158
  64 L H   0.181  0.634  0.185
  65 L H   0.403  0.423  0.173
  66 A C   0.547  0.286  0.168
  67 M C   0.546  0.264  0.189
  68 P C   0.441  0.382  0.178
  69 V H   0.331  0.524  0.145
  70 E H   0.204  0.617  0.179
  71 L H   0.213  0.567  0.221
  72 Y H   0.308  0.533  0.159
  73 N H   0.253  0.572  0.175
  74 F H   0.257  0.579  0.165
  75 I H   0.354  0.486  0.160
  76 W H   0.366  0.458  0.176
  77 V C   0.506  0.281  0.213
  78 H C   0.576  0.272  0.152
  79 H C   0.587  0.249  0.165
  80 P C   0.657  0.216  0.127
  81 W C   0.623  0.216  0.161
  82 A C   0.478  0.311  0.210
  83 F C   0.559  0.264  0.177
  84 G C   0.538  0.282  0.180
  85 D C   0.461  0.332  0.207
  86 A H   0.312  0.442  0.246
  87 G H   0.296  0.419  0.285
  88 C H   0.315  0.417  0.268
  89 R H   0.244  0.535  0.221
  90 G H   0.279  0.462  0.259
  91 Y H   0.209  0.543  0.249
  92 Y H   0.176  0.566  0.258
  93 F H   0.239  0.569  0.192
  94 L H   0.196  0.607  0.198
  95 R H   0.285  0.519  0.195
  96 D H   0.192  0.601  0.207
  97 A H   0.210  0.549  0.241
  98 C H   0.206  0.541  0.253
  99 T H   0.246  0.538  0.216
 100 Y H   0.268  0.478  0.255
 101 A H   0.208  0.507  0.285
 102 T H   0.179  0.588  0.232
 103 A H   0.130  0.648  0.222
 104 L H   0.143  0.636  0.222
 105 N H   0.145  0.667  0.189
 106 V H   0.136  0.676  0.188
 107 A H   0.183  0.637  0.179
 108 S H   0.174  0.637  0.189
 109 L H   0.206  0.566  0.228
 110 S H   0.273  0.521  0.206
 111 V H   0.229  0.547  0.224
 112 E H   0.275  0.547  0.178
 113 R H   0.281  0.527  0.192
 114 Y H   0.188  0.591  0.221
 115 L H   0.203  0.539  0.258
 116 A H   0.230  0.458  0.312
 117 I H   0.327  0.420  0.253
 118 C H   0.265  0.461  0.275
 119 H C   0.415  0.390  0.194
 120 P H   0.299  0.541  0.160
 121 F H   0.305  0.566  0.129
 122 K H   0.311  0.549  0.140
 123 A H   0.289  0.575  0.137
 124 K H   0.286  0.592  0.122
 125 T H   0.283  0.556  0.161
 126 L H   0.323  0.516  0.161
 127 M H   0.393  0.446  0.161
 128 S H   0.397  0.443  0.160
 129 R H   0.265  0.580  0.154
 130 S H   0.259  0.554  0.187
 131 R H   0.189  0.578  0.234
 132 T H   0.175  0.580  0.245
 133 K H   0.173  0.565  0.262
 134 K H   0.151  0.580  0.269
 135 F H   0.131  0.603  0.266
 136 I H   0.158  0.609  0.233
 137 S H   0.217  0.576  0.207
 138 A H   0.204  0.597  0.200
 139 I H   0.176  0.631  0.192
 140 W H   0.179  0.654  0.167
 141 L H   0.172  0.652  0.176
 142 A H   0.147  0.660  0.193
 143 S H   0.158  0.652  0.190
 144 A H   0.198  0.644  0.158
 145 L H   0.196  0.643  0.161
 146 L H   0.379  0.489  0.132
 147 A H   0.349  0.476  0.174
 148 V C   0.464  0.394  0.142
 149 P H   0.363  0.478  0.160
 150 M H   0.341  0.491  0.168
 151 L H   0.234  0.566  0.200
 152 F H   0.278  0.538  0.184
 153 T H   0.304  0.477  0.219
 154 M H   0.270  0.470  0.261
 155 G H   0.373  0.392  0.235
 156 E H   0.358  0.380  0.262
 157 Q H   0.324  0.387  0.288
 158 N C   0.385  0.313  0.303
 159 R C   0.450  0.343  0.207
 160 S C   0.556  0.276  0.167
 161 A C   0.639  0.241  0.119
 162 D C   0.634  0.240  0.126
 163 G C   0.598  0.243  0.159
 164 Q C   0.570  0.265  0.165
 165 H C   0.499  0.281  0.220
 166 A C   0.473  0.298  0.229
 167 G C   0.479  0.274  0.247
 168 G C   0.433  0.290  0.278
 169 L E   0.303  0.267  0.430
 170 V C   0.430  0.211  0.360
 171 C C   0.486  0.226  0.288
 172 T C   0.607  0.203  0.190
 173 P C   0.546  0.270  0.183
 174 T C   0.565  0.301  0.134
 175 I C   0.517  0.335  0.147
 176 H C   0.509  0.360  0.131
 177 T H   0.420  0.433  0.147
 178 A H   0.354  0.491  0.155
 179 T H   0.331  0.511  0.158
 180 V H   0.269  0.569  0.162
 181 K H   0.245  0.569  0.186
 182 V H   0.169  0.626  0.205
 183 V H   0.225  0.585  0.190
 184 I H   0.182  0.616  0.202
 185 Q H   0.189  0.589  0.222
 186 V H   0.220  0.534  0.246
 187 N H   0.241  0.542  0.217
 188 T H   0.240  0.550  0.210
 189 F H   0.297  0.537  0.165
 190 M H   0.243  0.584  0.173
 191 S H   0.298  0.547  0.155
 192 F C   0.492  0.376  0.132
 193 I H   0.342  0.489  0.169
 194 F H   0.301  0.551  0.148
 195 P H   0.269  0.589  0.142
 196 M H   0.184  0.652  0.164
 197 V H   0.192  0.633  0.174
 198 V H   0.199  0.651  0.150
 199 I H   0.184  0.648  0.168
 200 S H   0.179  0.641  0.181
 201 V H   0.160  0.658  0.182
 202 L H   0.145  0.682  0.173
 203 N H   0.131  0.699  0.170
 204 T H   0.148  0.696  0.156
 205 I H   0.129  0.697  0.175
 206 I H   0.144  0.680  0.176
 207 A H   0.148  0.671  0.181
 208 N H   0.168  0.667  0.165
 209 K H   0.171  0.646  0.184
 210 L H   0.218  0.596  0.185
 211 T H   0.260  0.576  0.164
 212 V H   0.338  0.498  0.164
 213 M H   0.338  0.487  0.175
 214 V H   0.369  0.470  0.161
 215 R H   0.390  0.436  0.175
 216 Q C   0.473  0.380  0.147
 217 A C   0.513  0.346  0.141
 218 A C   0.454  0.404  0.142
 219 E C   0.445  0.391  0.163
 220 Q H   0.384  0.441  0.175
 221 G H   0.411  0.424  0.165
 222 Q C   0.446  0.390  0.164
 223 V C   0.477  0.347  0.176
 224 C C   0.480  0.370  0.150
 225 T C   0.522  0.316  0.162
 226 V C   0.502  0.317  0.181
 227 G C   0.515  0.342  0.142
 228 G C   0.513  0.339  0.147
 229 E C   0.450  0.385  0.165
 230 H C   0.394  0.392  0.214
 231 S C   0.440  0.386  0.174
 232 T H   0.370  0.467  0.164
 233 F H   0.337  0.495  0.168
 234 S H   0.370  0.472  0.158
 235 M H   0.367  0.475  0.159
 236 A C   0.437  0.369  0.194
 237 I H   0.389  0.397  0.214
 238 E H   0.418  0.448  0.135
 239 P H   0.337  0.541  0.122
 240 G H   0.308  0.565  0.127
 241 R H   0.298  0.572  0.130
 242 V H   0.287  0.547  0.166
 243 Q H   0.361  0.510  0.129
 244 A H   0.332  0.508  0.160
 245 L H   0.326  0.508  0.166
 246 R H   0.342  0.479  0.179
 247 H H   0.295  0.488  0.217
 248 G H   0.229  0.556  0.215
 249 V H   0.182  0.575  0.243
 250 R H   0.202  0.571  0.227
 251 V H   0.093  0.631  0.276
 252 L H   0.090  0.685  0.226
 253 R H   0.101  0.657  0.242
 254 A H   0.095  0.660  0.244
 255 V H   0.103  0.640  0.256
 256 V H   0.095  0.631  0.274
 257 I H   0.099  0.665  0.236
 258 A H   0.136  0.643  0.221
 259 F H   0.158  0.638  0.204
 260 V H   0.176  0.625  0.198
 261 V H   0.230  0.616  0.154
 262 C H   0.412  0.445  0.143
 263 W C   0.436  0.409  0.155
 264 L C   0.473  0.390  0.137
 265 P H   0.279  0.538  0.183
 266 Y H   0.328  0.519  0.153
 267 H H   0.195  0.588  0.217
 268 V H   0.182  0.586  0.232
 269 R H   0.185  0.590  0.225
 270 R H   0.139  0.621  0.240
 271 L H   0.165  0.582  0.253
 272 M H   0.177  0.561  0.263
 273 F H   0.161  0.621  0.218
 274 C H   0.187  0.605  0.208
 275 Y H   0.286  0.499  0.215
 276 I C   0.434  0.343  0.223
 277 S C   0.571  0.248  0.181
 278 D C   0.602  0.232  0.166
 279 E C   0.571  0.238  0.192
 280 Q C   0.604  0.217  0.179
 281 W C   0.621  0.189  0.189
 282 T C   0.608  0.223  0.169
 283 P C   0.613  0.237  0.150
 284 F C   0.490  0.333  0.176
 285 L H   0.376  0.469  0.155
 286 Y H   0.263  0.583  0.154
 287 D H   0.322  0.491  0.187
 288 F H   0.199  0.593  0.208
 289 Y H   0.202  0.604  0.194
 290 H H   0.152  0.643  0.205
 291 Y H   0.151  0.616  0.233
 292 F H   0.175  0.593  0.233
 293 Y H   0.207  0.544  0.249
 294 M H   0.166  0.616  0.217
 295 V H   0.174  0.573  0.252
 296 T H   0.198  0.580  0.222
 297 N H   0.247  0.564  0.189
 298 A H   0.227  0.604  0.170
 299 L H   0.215  0.595  0.189
 300 F H   0.193  0.611  0.196
 301 Y H   0.248  0.574  0.178
 302 V H   0.314  0.512  0.174
 303 S H   0.357  0.473  0.169
 304 S C   0.549  0.305  0.147
 305 T C   0.606  0.254  0.141
 306 I C   0.558  0.280  0.162
 307 N C   0.606  0.242  0.152
 308 P H   0.377  0.477  0.146
 309 I H   0.230  0.591  0.179
 310 L H   0.168  0.586  0.247
 311 Y H   0.133  0.610  0.257
 312 N H   0.143  0.620  0.237
 313 L H   0.255  0.584  0.160
 314 V H   0.364  0.455  0.181
 315 S C   0.480  0.378  0.142
 316 A H   0.401  0.480  0.119
 317 N H   0.366  0.503  0.131
 318 F H   0.282  0.569  0.150
 319 R H   0.249  0.595  0.157
 320 H H   0.154  0.693  0.153
 321 I H   0.130  0.684  0.186
 322 F H   0.110  0.752  0.138
 323 L H   0.097  0.738  0.164
 324 A H   0.110  0.679  0.211
 325 T H   0.136  0.666  0.197
 326 L H   0.147  0.613  0.240
 327 A H   0.272  0.533  0.195
 328 C H   0.388  0.425  0.186
 329 L C   0.451  0.360  0.190
 330 C C   0.570  0.293  0.138
 331 P C   0.652  0.236  0.112
 332 V C   0.606  0.283  0.111
 333 W C   0.600  0.279  0.121
 334 R C   0.607  0.275  0.118
 335 R C   0.585  0.292  0.123
 336 R C   0.594  0.278  0.128
 337 R C   0.620  0.219  0.161
 338 K C   0.615  0.215  0.171
 339 R C   0.692  0.193  0.115
 340 P C   0.628  0.263  0.109
