   1 G C   0.687  0.173  0.141
   2 N C   0.684  0.183  0.133
   3 L C   0.686  0.169  0.145
   4 P C   0.685  0.206  0.109
   5 T C   0.614  0.275  0.111
   6 L C   0.612  0.271  0.118
   7 T C   0.500  0.358  0.142
   8 L H   0.368  0.489  0.142
   9 S H   0.298  0.557  0.145
  10 G H   0.230  0.564  0.206
  11 K H   0.160  0.622  0.218
  12 I H   0.121  0.636  0.243
  13 R H   0.138  0.616  0.246
  14 V H   0.111  0.582  0.308
  15 T H   0.107  0.660  0.233
  16 V H   0.138  0.659  0.204
  17 T H   0.130  0.675  0.195
  18 F H   0.126  0.655  0.218
  19 F H   0.118  0.655  0.227
  20 L H   0.130  0.664  0.206
  21 F H   0.157  0.668  0.175
  22 L H   0.142  0.644  0.214
  23 L H   0.175  0.624  0.201
  24 S H   0.173  0.661  0.166
  25 A H   0.202  0.611  0.186
  26 T H   0.324  0.535  0.141
  27 F H   0.309  0.542  0.150
  28 N H   0.277  0.581  0.141
  29 A H   0.244  0.587  0.169
  30 S H   0.164  0.607  0.229
  31 F H   0.118  0.654  0.227
  32 L H   0.125  0.657  0.218
  33 L H   0.102  0.654  0.244
  34 K H   0.118  0.665  0.218
  35 L H   0.137  0.634  0.229
  36 Q H   0.201  0.607  0.191
  37 K H   0.215  0.592  0.193
  38 W H   0.299  0.550  0.151
  39 T H   0.373  0.469  0.157
  40 Q H   0.417  0.421  0.162
  41 K C   0.513  0.356  0.131
  42 K C   0.490  0.370  0.140
  43 E C   0.441  0.417  0.142
  44 K C   0.543  0.307  0.150
  45 G C   0.500  0.348  0.152
  46 K C   0.490  0.369  0.141
  47 K C   0.429  0.334  0.237
  48 L C   0.405  0.397  0.198
  49 S H   0.381  0.395  0.224
  50 R H   0.312  0.470  0.219
  51 M H   0.307  0.508  0.185
  52 K H   0.233  0.546  0.222
  53 L H   0.165  0.648  0.187
  54 L H   0.141  0.605  0.254
  55 L H   0.141  0.621  0.239
  56 K H   0.153  0.643  0.204
  57 H H   0.161  0.673  0.166
  58 L H   0.182  0.670  0.149
  59 T H   0.220  0.624  0.156
  60 L H   0.228  0.635  0.137
  61 A H   0.188  0.669  0.143
  62 N H   0.215  0.653  0.132
  63 L H   0.173  0.694  0.134
  64 L H   0.150  0.685  0.165
  65 E H   0.168  0.686  0.145
  66 T H   0.148  0.683  0.169
  67 L H   0.179  0.655  0.166
  68 I H   0.365  0.445  0.189
  69 V C   0.560  0.285  0.156
  70 M C   0.604  0.243  0.152
  71 P C   0.481  0.346  0.174
  72 L C   0.426  0.410  0.163
  73 D H   0.338  0.487  0.175
  74 G H   0.348  0.469  0.183
  75 M H   0.281  0.553  0.166
  76 W H   0.244  0.592  0.163
  77 N H   0.233  0.579  0.188
  78 I H   0.290  0.542  0.168
  79 T H   0.321  0.510  0.169
  80 V H   0.390  0.434  0.176
  81 Q H   0.372  0.450  0.177
  82 W H   0.387  0.446  0.167
  83 Y H   0.361  0.491  0.148
  84 A C   0.514  0.352  0.134
  85 G C   0.425  0.421  0.154
  86 E H   0.251  0.603  0.146
  87 L H   0.230  0.615  0.154
  88 L H   0.189  0.625  0.186
  89 C H   0.222  0.563  0.215
  90 K H   0.203  0.614  0.183
  91 V H   0.247  0.557  0.196
  92 L H   0.205  0.629  0.166
  93 S H   0.193  0.606  0.201
  94 Y H   0.193  0.643  0.164
  95 L H   0.159  0.703  0.138
  96 K H   0.217  0.634  0.149
  97 L H   0.178  0.670  0.152
  98 F H   0.259  0.555  0.185
  99 S H   0.212  0.583  0.205
 100 M H   0.298  0.535  0.167
 101 Y H   0.298  0.511  0.191
 102 A H   0.293  0.530  0.177
 103 P H   0.252  0.583  0.165
 104 A H   0.187  0.621  0.191
 105 F H   0.165  0.653  0.182
 106 M H   0.155  0.680  0.165
 107 M H   0.151  0.686  0.163
 108 V H   0.127  0.680  0.193
 109 V H   0.162  0.654  0.184
 110 I H   0.176  0.630  0.194
 111 S H   0.245  0.574  0.181
 112 L H   0.251  0.563  0.186
 113 D H   0.329  0.510  0.161
 114 R H   0.238  0.578  0.183
 115 S H   0.202  0.605  0.193
 116 L H   0.153  0.606  0.241
 117 A H   0.195  0.566  0.239
 118 I H   0.285  0.474  0.240
 119 T H   0.261  0.513  0.226
 120 R H   0.340  0.490  0.170
 121 P H   0.317  0.564  0.119
 122 L H   0.345  0.557  0.098
 123 A H   0.337  0.538  0.125
 124 L H   0.374  0.492  0.134
 125 K H   0.418  0.480  0.102
 126 S C   0.489  0.408  0.103
 127 N C   0.571  0.331  0.098
 128 S C   0.480  0.390  0.130
 129 K H   0.354  0.505  0.141
 130 V H   0.310  0.522  0.168
 131 G H   0.314  0.536  0.151
 132 Q H   0.205  0.605  0.190
 133 S H   0.192  0.570  0.238
 134 M H   0.141  0.612  0.248
 135 V H   0.193  0.580  0.227
 136 G H   0.198  0.642  0.161
 137 L H   0.200  0.631  0.169
 138 A H   0.163  0.652  0.185
 139 W H   0.174  0.649  0.177
 140 I H   0.183  0.651  0.166
 141 L H   0.183  0.635  0.182
 142 S H   0.204  0.651  0.145
 143 S H   0.226  0.615  0.159
 144 V H   0.283  0.563  0.154
 145 F C   0.469  0.399  0.131
 146 A C   0.496  0.365  0.138
 147 G C   0.540  0.329  0.131
 148 P H   0.408  0.447  0.145
 149 Q H   0.321  0.519  0.161
 150 L H   0.195  0.622  0.183
 151 Y H   0.252  0.564  0.184
 152 I H   0.228  0.581  0.192
 153 F H   0.249  0.538  0.212
 154 R H   0.255  0.517  0.228
 155 M H   0.248  0.505  0.247
 156 I H   0.297  0.449  0.254
 157 H H   0.284  0.437  0.279
 158 L H   0.350  0.375  0.275
 159 A C   0.442  0.366  0.192
 160 D C   0.547  0.273  0.180
 161 S C   0.578  0.262  0.160
 162 S C   0.591  0.244  0.165
 163 G C   0.595  0.242  0.163
 164 Q C   0.465  0.271  0.264
 165 T H   0.315  0.387  0.299
 166 K H   0.304  0.393  0.303
 167 V E   0.320  0.338  0.341
 168 F H   0.223  0.401  0.376
 169 S E   0.254  0.359  0.387
 170 Q H   0.331  0.378  0.291
 171 C H   0.307  0.380  0.313
 172 V C   0.392  0.308  0.300
 173 T C   0.437  0.350  0.212
 174 H C   0.562  0.256  0.182
 175 C C   0.507  0.290  0.203
 176 S C   0.590  0.222  0.188
 177 F C   0.597  0.237  0.166
 178 S C   0.607  0.250  0.144
 179 Q C   0.554  0.310  0.136
 180 W H   0.414  0.453  0.134
 181 W H   0.344  0.492  0.164
 182 H H   0.342  0.492  0.167
 183 Q H   0.307  0.518  0.175
 184 A H   0.244  0.550  0.206
 185 F H   0.198  0.594  0.208
 186 Y H   0.264  0.562  0.175
 187 N H   0.245  0.572  0.184
 188 F H   0.205  0.611  0.184
 189 F H   0.203  0.595  0.202
 190 T H   0.169  0.624  0.207
 191 F H   0.153  0.626  0.221
 192 S H   0.158  0.634  0.208
 193 C H   0.173  0.635  0.192
 194 L H   0.222  0.614  0.164
 195 F H   0.415  0.448  0.137
 196 I H   0.286  0.542  0.172
 197 I H   0.272  0.570  0.158
 198 P H   0.277  0.591  0.131
 199 L H   0.157  0.675  0.168
 200 F H   0.157  0.675  0.168
 201 I H   0.157  0.684  0.159
 202 M H   0.165  0.666  0.169
 203 L H   0.155  0.665  0.180
 204 I H   0.161  0.677  0.162
 205 C H   0.137  0.683  0.180
 206 N H   0.143  0.673  0.185
 207 A H   0.119  0.700  0.181
 208 K H   0.107  0.715  0.178
 209 I H   0.106  0.719  0.175
 210 I H   0.122  0.692  0.185
 211 F H   0.126  0.682  0.192
 212 T H   0.150  0.643  0.207
 213 L H   0.177  0.646  0.177
 214 T H   0.214  0.583  0.202
 215 R H   0.294  0.502  0.204
 216 V H   0.358  0.469  0.174
 217 L C   0.377  0.375  0.248
 218 H C   0.438  0.312  0.251
 219 Q C   0.575  0.269  0.156
 220 D C   0.580  0.281  0.139
 221 P C   0.546  0.351  0.103
 222 H C   0.481  0.401  0.118
 223 E H   0.348  0.480  0.171
 224 L H   0.281  0.507  0.212
 225 Q H   0.347  0.472  0.181
 226 L H   0.376  0.431  0.193
 227 N C   0.414  0.399  0.188
 228 Q H   0.348  0.438  0.214
 229 S H   0.385  0.446  0.170
 230 K H   0.373  0.473  0.154
 231 N C   0.496  0.403  0.101
 232 N H   0.439  0.456  0.105
 233 I H   0.359  0.520  0.121
 234 P H   0.338  0.547  0.115
 235 R H   0.336  0.535  0.129
 236 A H   0.328  0.522  0.150
 237 R H   0.316  0.551  0.133
 238 L H   0.312  0.468  0.220
 239 K H   0.281  0.522  0.197
 240 T H   0.199  0.576  0.224
 241 L H   0.169  0.637  0.194
 242 K H   0.185  0.616  0.200
 243 M H   0.146  0.636  0.218
 244 T H   0.120  0.670  0.211
 245 V H   0.097  0.661  0.243
 246 A H   0.094  0.674  0.233
 247 F H   0.120  0.637  0.243
 248 A H   0.153  0.658  0.189
 249 T H   0.115  0.655  0.230
 250 S H   0.157  0.632  0.211
 251 F H   0.202  0.619  0.179
 252 T H   0.224  0.605  0.171
 253 V H   0.249  0.567  0.184
 254 C C   0.457  0.379  0.164
 255 W C   0.448  0.358  0.194
 256 T H   0.403  0.453  0.143
 257 P H   0.287  0.566  0.146
 258 Y H   0.235  0.606  0.158
 259 Y H   0.152  0.595  0.253
 260 V H   0.208  0.556  0.236
 261 L H   0.191  0.571  0.238
 262 G H   0.189  0.523  0.288
 263 I H   0.214  0.515  0.271
 264 W H   0.222  0.493  0.286
 265 Y H   0.289  0.498  0.213
 266 W C   0.487  0.344  0.168
 267 F C   0.521  0.303  0.176
 268 D C   0.666  0.214  0.120
 269 P C   0.650  0.238  0.112
 270 E C   0.655  0.216  0.130
 271 M C   0.502  0.341  0.157
 272 L C   0.548  0.300  0.152
 273 N C   0.584  0.276  0.140
 274 R C   0.548  0.277  0.175
 275 L C   0.529  0.259  0.212
 276 S C   0.521  0.282  0.197
 277 D H   0.391  0.413  0.196
 278 P H   0.281  0.536  0.182
 279 V H   0.191  0.611  0.199
 280 N H   0.185  0.599  0.216
 281 H H   0.145  0.658  0.196
 282 F H   0.128  0.684  0.188
 283 F H   0.129  0.683  0.188
 284 F H   0.149  0.693  0.158
 285 L H   0.133  0.675  0.192
 286 F H   0.141  0.635  0.224
 287 A H   0.183  0.652  0.165
 288 F H   0.413  0.439  0.148
 289 L C   0.520  0.349  0.131
 290 N C   0.493  0.369  0.137
 291 P C   0.540  0.348  0.112
 292 C C   0.610  0.253  0.137
 293 F C   0.622  0.233  0.146
 294 D C   0.676  0.183  0.142
 295 P C   0.486  0.379  0.135
 296 L H   0.264  0.566  0.171
 297 I H   0.218  0.573  0.209
 298 Y H   0.180  0.612  0.208
 299 G H   0.195  0.552  0.252
 300 Y H   0.212  0.600  0.188
 301 F H   0.301  0.514  0.184
 302 S C   0.428  0.396  0.176
 303 L H   0.395  0.453  0.151
