   1 G C TR   0.158  0.393  0.135  0.054  0.093  0.026  0.033  0.069  0.039  0.235
   2 N C TR   0.128  0.424  0.132  0.050  0.113  0.020  0.029  0.060  0.044  0.292
   3 L C TR   0.120  0.433  0.132  0.051  0.098  0.020  0.025  0.069  0.051  0.301
   4 P C TR   0.162  0.398  0.126  0.049  0.135  0.022  0.026  0.047  0.036  0.235
   5 T C TR   0.172  0.360  0.082  0.050  0.198  0.027  0.025  0.042  0.044  0.162
   6 L C TR   0.203  0.333  0.076  0.052  0.188  0.030  0.020  0.037  0.061  0.130
   7 T C TR   0.146  0.292  0.062  0.050  0.272  0.036  0.035  0.058  0.049  0.020
   8 L H TR   0.118  0.205  0.045  0.086  0.347  0.057  0.048  0.043  0.051  0.142
   9 S H TR   0.090  0.173  0.036  0.104  0.382  0.071  0.053  0.049  0.043  0.209
  10 G H TR   0.094  0.102  0.034  0.108  0.397  0.060  0.073  0.084  0.049  0.289
  11 K H TR   0.045  0.081  0.034  0.163  0.404  0.056  0.078  0.068  0.072  0.241
  12 I H TR   0.043  0.050  0.027  0.264  0.321  0.052  0.072  0.094  0.077  0.058
  13 R H MC   0.055  0.054  0.029  0.309  0.264  0.043  0.079  0.075  0.091  0.046
  14 V H MC   0.054  0.033  0.024  0.329  0.209  0.044  0.067  0.134  0.106  0.120
  15 T H MC   0.041  0.036  0.030  0.422  0.197  0.040  0.079  0.075  0.079  0.225
  16 V H MC   0.062  0.044  0.032  0.463  0.142  0.054  0.057  0.075  0.071  0.321
  17 T H MC   0.066  0.031  0.032  0.503  0.118  0.054  0.047  0.084  0.065  0.385
  18 F H MC   0.060  0.028  0.039  0.503  0.095  0.057  0.045  0.105  0.067  0.398
  19 F H MC   0.059  0.025  0.033  0.511  0.089  0.055  0.049  0.106  0.072  0.405
  20 L H MC   0.057  0.034  0.038  0.544  0.068  0.051  0.053  0.081  0.072  0.463
  21 F H MC   0.082  0.040  0.036  0.535  0.073  0.060  0.053  0.062  0.060  0.453
  22 L H MC   0.051  0.048  0.043  0.548  0.045  0.050  0.067  0.069  0.078  0.469
  23 L H MC   0.090  0.044  0.041  0.530  0.051  0.044  0.054  0.079  0.068  0.440
  24 S H MC   0.067  0.054  0.051  0.544  0.062  0.054  0.056  0.054  0.057  0.477
  25 A H MC   0.110  0.042  0.050  0.499  0.064  0.048  0.055  0.077  0.054  0.389
  26 T H MC   0.214  0.048  0.062  0.453  0.043  0.039  0.042  0.052  0.046  0.239
  27 F H MC   0.173  0.061  0.075  0.437  0.065  0.040  0.051  0.060  0.039  0.263
  28 N H MC   0.094  0.102  0.081  0.471  0.074  0.036  0.052  0.051  0.039  0.369
  29 A H MC   0.141  0.055  0.048  0.429  0.109  0.050  0.048  0.062  0.059  0.287
  30 S H MC   0.085  0.048  0.030  0.346  0.206  0.055  0.055  0.084  0.090  0.140
  31 F H TR   0.042  0.056  0.021  0.296  0.301  0.057  0.053  0.081  0.094  0.006
  32 L H TR   0.042  0.063  0.020  0.227  0.359  0.070  0.050  0.047  0.120  0.132
  33 L H TR   0.031  0.056  0.016  0.212  0.384  0.058  0.045  0.060  0.139  0.172
  34 K H TR   0.032  0.070  0.016  0.152  0.424  0.088  0.056  0.061  0.101  0.272
  35 L H TR   0.042  0.079  0.016  0.141  0.405  0.089  0.055  0.087  0.087  0.264
  36 Q H TR   0.024  0.154  0.024  0.111  0.418  0.078  0.045  0.058  0.088  0.264
  37 K H TR   0.034  0.156  0.025  0.103  0.396  0.094  0.053  0.071  0.069  0.240
  38 W H TR   0.031  0.229  0.039  0.092  0.376  0.083  0.033  0.066  0.052  0.147
  39 T H TR   0.028  0.298  0.047  0.069  0.332  0.068  0.038  0.076  0.043  0.034
  40 Q C TR   0.024  0.338  0.054  0.060  0.296  0.065  0.039  0.073  0.051  0.042
  41 K C TR   0.032  0.410  0.071  0.053  0.251  0.052  0.037  0.051  0.043  0.159
  42 K C TR   0.029  0.394  0.067  0.053  0.267  0.051  0.026  0.060  0.054  0.128
  43 E C TR   0.022  0.365  0.054  0.058  0.306  0.053  0.028  0.053  0.060  0.059
  44 K C TR   0.037  0.427  0.079  0.048  0.223  0.036  0.033  0.064  0.053  0.205
  45 G C TR   0.026  0.394  0.080  0.047  0.268  0.033  0.028  0.061  0.063  0.126
  46 K C TR   0.040  0.375  0.076  0.053  0.288  0.028  0.040  0.041  0.061  0.087
  47 K C TR   0.039  0.315  0.075  0.047  0.257  0.030  0.018  0.122  0.097  0.058
  48 L H TR   0.049  0.278  0.079  0.060  0.307  0.029  0.022  0.077  0.099  0.029
  49 S H TR   0.057  0.252  0.073  0.066  0.297  0.033  0.033  0.107  0.083  0.045
  50 R H TR   0.083  0.176  0.053  0.073  0.363  0.034  0.028  0.057  0.133  0.187
  51 M H TR   0.119  0.136  0.051  0.080  0.381  0.047  0.035  0.056  0.093  0.245
  52 K H TR   0.087  0.115  0.031  0.106  0.395  0.045  0.045  0.063  0.114  0.280
  53 L H TR   0.060  0.081  0.024  0.138  0.426  0.084  0.044  0.058  0.085  0.288
  54 L H TR   0.057  0.061  0.024  0.158  0.362  0.086  0.094  0.051  0.109  0.204
  55 L H TR   0.058  0.056  0.026  0.210  0.331  0.080  0.062  0.078  0.098  0.120
  56 K H MC   0.051  0.068  0.034  0.318  0.256  0.069  0.073  0.061  0.070  0.062
  57 H H MC   0.054  0.064  0.043  0.404  0.193  0.075  0.049  0.052  0.065  0.212
  58 L H MC   0.087  0.053  0.041  0.473  0.116  0.080  0.044  0.061  0.044  0.357
  59 T H MC   0.130  0.047  0.043  0.437  0.114  0.073  0.037  0.071  0.048  0.307
  60 L H MC   0.136  0.046  0.046  0.449  0.093  0.092  0.037  0.066  0.035  0.314
  61 A H MC   0.074  0.061  0.053  0.484  0.106  0.079  0.045  0.052  0.046  0.378
  62 N H MC   0.103  0.057  0.056  0.480  0.093  0.080  0.034  0.059  0.039  0.377
  63 L H MC   0.078  0.039  0.056  0.510  0.082  0.101  0.036  0.057  0.042  0.410
  64 L H MC   0.062  0.037  0.051  0.544  0.069  0.072  0.043  0.061  0.060  0.473
  65 E H MC   0.094  0.037  0.038  0.521  0.075  0.091  0.035  0.047  0.063  0.427
  66 T H MC   0.072  0.040  0.035  0.521  0.098  0.064  0.045  0.053  0.071  0.422
  67 L H MC   0.088  0.050  0.041  0.485  0.109  0.061  0.047  0.050  0.069  0.376
  68 I H MC   0.271  0.057  0.037  0.275  0.119  0.052  0.036  0.058  0.096  0.004
  69 V C MC   0.362  0.144  0.054  0.151  0.106  0.027  0.031  0.043  0.081  0.211
  70 M C MC   0.361  0.182  0.061  0.116  0.104  0.023  0.029  0.048  0.075  0.180
  71 P C MC   0.218  0.199  0.063  0.152  0.159  0.035  0.037  0.053  0.084  0.018
  72 L H TR   0.194  0.167  0.065  0.157  0.204  0.049  0.036  0.054  0.073  0.010
  73 D H TR   0.115  0.159  0.065  0.143  0.293  0.051  0.047  0.057  0.071  0.135
  74 G H TR   0.079  0.215  0.054  0.138  0.275  0.056  0.050  0.060  0.072  0.059
  75 M H TR   0.086  0.153  0.043  0.121  0.347  0.084  0.047  0.052  0.066  0.195
  76 W H TR   0.077  0.137  0.031  0.102  0.405  0.084  0.042  0.051  0.071  0.268
  77 N H TR   0.079  0.124  0.031  0.119  0.381  0.078  0.037  0.074  0.078  0.257
  78 I H TR   0.110  0.147  0.034  0.122  0.323  0.096  0.041  0.061  0.066  0.176
  79 T H TR   0.113  0.167  0.041  0.112  0.329  0.070  0.040  0.070  0.060  0.161
  80 V H TR   0.073  0.267  0.050  0.091  0.275  0.068  0.040  0.085  0.051  0.007
  81 Q H TR   0.103  0.221  0.048  0.102  0.284  0.065  0.048  0.058  0.071  0.063
  82 W H TR   0.187  0.156  0.044  0.122  0.250  0.073  0.039  0.070  0.058  0.064
  83 Y H TR   0.193  0.128  0.041  0.121  0.307  0.063  0.035  0.055  0.057  0.114
  84 A C MC   0.257  0.193  0.065  0.104  0.210  0.038  0.036  0.037  0.061  0.047
  85 G C TR   0.153  0.199  0.073  0.189  0.176  0.056  0.049  0.048  0.056  0.010
  86 E H TR   0.064  0.139  0.048  0.168  0.354  0.080  0.058  0.044  0.045  0.186
  87 L H TR   0.084  0.107  0.040  0.212  0.327  0.076  0.060  0.042  0.052  0.116
  88 L H TR   0.050  0.102  0.037  0.247  0.277  0.101  0.058  0.070  0.059  0.031
  89 C H TR   0.087  0.102  0.032  0.197  0.295  0.070  0.069  0.067  0.079  0.098
  90 K H TR   0.081  0.092  0.030  0.169  0.373  0.072  0.055  0.063  0.065  0.204
  91 V H MC   0.162  0.055  0.029  0.309  0.176  0.072  0.044  0.079  0.073  0.133
  92 L H MC   0.093  0.078  0.034  0.288  0.260  0.081  0.045  0.057  0.064  0.027
  93 S H TR   0.076  0.085  0.033  0.249  0.273  0.084  0.037  0.089  0.075  0.024
  94 Y H MC   0.079  0.082  0.033  0.289  0.272  0.082  0.038  0.063  0.063  0.016
  95 L H MC   0.056  0.065  0.038  0.397  0.219  0.087  0.041  0.051  0.046  0.177
  96 K H MC   0.083  0.095  0.039  0.338  0.216  0.080  0.038  0.045  0.066  0.121
  97 L H MC   0.057  0.088  0.033  0.351  0.230  0.089  0.041  0.057  0.054  0.120
  98 F H MC   0.137  0.068  0.055  0.328  0.168  0.059  0.053  0.057  0.076  0.160
  99 S H MC   0.080  0.087  0.044  0.403  0.132  0.048  0.045  0.069  0.091  0.272
 100 M H MC   0.180  0.073  0.045  0.343  0.127  0.065  0.040  0.067  0.060  0.164
 101 Y H MC   0.169  0.075  0.054  0.362  0.108  0.041  0.046  0.058  0.087  0.193
 102 A H MC   0.190  0.049  0.054  0.373  0.108  0.049  0.036  0.076  0.066  0.183
 103 P H MC   0.125  0.063  0.065  0.430  0.102  0.051  0.039  0.061  0.065  0.306
 104 A H MC   0.077  0.049  0.061  0.466  0.106  0.049  0.039  0.074  0.078  0.361
 105 F H MC   0.072  0.037  0.056  0.519  0.082  0.052  0.046  0.074  0.062  0.436
 106 M H MC   0.074  0.038  0.044  0.487  0.111  0.082  0.040  0.059  0.066  0.376
 107 M H MC   0.072  0.045  0.034  0.498  0.119  0.068  0.049  0.052  0.063  0.379
 108 V H MC   0.053  0.044  0.030  0.518  0.097  0.065  0.059  0.070  0.065  0.421
 109 V H MC   0.085  0.046  0.031  0.469  0.126  0.060  0.056  0.054  0.074  0.343
 110 I H MC   0.108  0.042  0.026  0.389  0.177  0.064  0.041  0.064  0.089  0.212
 111 S H MC   0.142  0.067  0.037  0.313  0.191  0.070  0.043  0.073  0.065  0.122
 112 L H MC   0.139  0.067  0.044  0.257  0.237  0.069  0.047  0.089  0.051  0.020
 113 D H TR   0.153  0.100  0.077  0.194  0.256  0.061  0.052  0.064  0.045  0.062
 114 R H TR   0.099  0.088  0.052  0.161  0.352  0.066  0.050  0.066  0.068  0.191
 115 S H TR   0.092  0.074  0.036  0.179  0.359  0.067  0.044  0.080  0.069  0.179
 116 L H TR   0.085  0.047  0.022  0.135  0.397  0.074  0.042  0.083  0.116  0.263
 117 A H TR   0.109  0.062  0.025  0.114  0.390  0.061  0.039  0.067  0.134  0.257
 118 I H TR   0.103  0.158  0.025  0.073  0.355  0.047  0.043  0.058  0.139  0.197
 119 T H TR   0.067  0.166  0.028  0.072  0.388  0.054  0.045  0.051  0.130  0.222
 120 R H TR   0.047  0.253  0.040  0.077  0.358  0.054  0.026  0.044  0.100  0.105
 121 P H TR   0.045  0.223  0.049  0.075  0.411  0.078  0.031  0.039  0.050  0.188
 122 L H TR   0.043  0.239  0.063  0.094  0.364  0.099  0.022  0.034  0.042  0.125
 123 A H TR   0.030  0.254  0.053  0.071  0.388  0.079  0.025  0.037  0.063  0.134
 124 L H TR   0.051  0.265  0.059  0.059  0.342  0.091  0.024  0.049  0.062  0.078
 125 K H TR   0.045  0.304  0.069  0.060  0.338  0.081  0.026  0.035  0.041  0.034
 126 S C TR   0.044  0.369  0.077  0.050  0.294  0.064  0.025  0.044  0.034  0.074
 127 N C TR   0.074  0.382  0.114  0.046  0.234  0.051  0.021  0.034  0.043  0.148
 128 S C TR   0.047  0.355  0.077  0.043  0.291  0.056  0.026  0.058  0.046  0.065
 129 K H TR   0.045  0.252  0.058  0.064  0.375  0.065  0.037  0.056  0.048  0.123
 130 V H TR   0.026  0.243  0.041  0.072  0.387  0.063  0.033  0.074  0.061  0.145
 131 G H TR   0.029  0.239  0.046  0.087  0.383  0.066  0.042  0.051  0.057  0.144
 132 Q H TR   0.052  0.118  0.035  0.078  0.457  0.069  0.036  0.066  0.088  0.339
 133 S H TR   0.096  0.068  0.027  0.097  0.421  0.052  0.036  0.070  0.132  0.289
 134 M H TR   0.058  0.057  0.025  0.260  0.306  0.045  0.039  0.075  0.133  0.046
 135 V H MC   0.114  0.048  0.031  0.294  0.234  0.051  0.037  0.081  0.109  0.060
 136 G H MC   0.100  0.060  0.038  0.392  0.199  0.051  0.041  0.045  0.075  0.192
 137 L H MC   0.111  0.046  0.043  0.454  0.126  0.051  0.048  0.050  0.071  0.329
 138 A H MC   0.083  0.035  0.044  0.497  0.105  0.051  0.041  0.076  0.068  0.392
 139 W H MC   0.090  0.035  0.049  0.506  0.090  0.052  0.046  0.076  0.055  0.416
 140 I H MC   0.094  0.038  0.051  0.491  0.096  0.063  0.041  0.076  0.050  0.396
 141 L H MC   0.080  0.042  0.061  0.523  0.061  0.050  0.038  0.075  0.068  0.443
 142 S H MC   0.106  0.044  0.054  0.530  0.064  0.058  0.038  0.052  0.055  0.424
 143 S H MC   0.116  0.054  0.056  0.520  0.055  0.041  0.040  0.052  0.067  0.404
 144 V H MC   0.168  0.056  0.059  0.477  0.046  0.040  0.041  0.057  0.057  0.309
 145 F C MC   0.360  0.056  0.053  0.333  0.038  0.029  0.032  0.047  0.052  0.027
 146 A C MC   0.330  0.085  0.082  0.304  0.043  0.019  0.045  0.048  0.045  0.026
 147 G C MC   0.328  0.132  0.080  0.230  0.076  0.023  0.044  0.046  0.040  0.098
 148 P H MC   0.215  0.108  0.085  0.267  0.141  0.039  0.053  0.043  0.050  0.052
 149 Q H TR   0.171  0.098  0.052  0.176  0.280  0.063  0.051  0.053  0.057  0.105
 150 L H TR   0.070  0.087  0.037  0.156  0.395  0.071  0.054  0.067  0.061  0.238
 151 Y H TR   0.104  0.113  0.035  0.114  0.384  0.066  0.062  0.044  0.077  0.270
 152 I H TR   0.079  0.120  0.028  0.102  0.410  0.068  0.049  0.050  0.092  0.289
 153 F H TR   0.081  0.136  0.032  0.112  0.367  0.060  0.045  0.064  0.102  0.231
 154 R H TR   0.055  0.166  0.034  0.102  0.360  0.055  0.032  0.100  0.097  0.193
 155 M H TR   0.061  0.156  0.031  0.076  0.388  0.041  0.035  0.094  0.119  0.231
 156 I H TR   0.045  0.210  0.043  0.068  0.342  0.039  0.033  0.098  0.123  0.132
 157 H H TR   0.041  0.199  0.043  0.062  0.335  0.040  0.038  0.131  0.110  0.136
 158 L H TR   0.027  0.273  0.050  0.065  0.276  0.035  0.033  0.132  0.110  0.002
 159 A C TR   0.048  0.329  0.065  0.059  0.273  0.034  0.032  0.078  0.083  0.056
 160 D C TR   0.049  0.394  0.103  0.050  0.201  0.022  0.023  0.070  0.088  0.193
 161 S C TR   0.084  0.375  0.119  0.050  0.184  0.028  0.022  0.068  0.070  0.191
 162 S C TR   0.045  0.399  0.147  0.049  0.172  0.023  0.026  0.072  0.067  0.227
 163 G C TR   0.075  0.395  0.124  0.062  0.155  0.025  0.028  0.076  0.059  0.241
 164 Q C TR   0.048  0.295  0.123  0.055  0.189  0.027  0.025  0.122  0.117  0.106
 165 T H TR   0.095  0.161  0.058  0.065  0.292  0.030  0.019  0.099  0.180  0.111
 166 K H TR   0.037  0.214  0.052  0.078  0.286  0.029  0.021  0.129  0.153  0.071
 167 V H TR   0.044  0.214  0.062  0.090  0.224  0.024  0.023  0.097  0.221  0.003
 168 F H TR   0.034  0.147  0.041  0.100  0.279  0.022  0.021  0.079  0.276  0.003
 169 S E SO   0.041  0.166  0.047  0.110  0.224  0.025  0.038  0.067  0.282  0.058
 170 Q H TR   0.037  0.246  0.048  0.094  0.261  0.022  0.039  0.038  0.215  0.015
 171 C H TR   0.061  0.197  0.048  0.105  0.249  0.026  0.044  0.063  0.206  0.043
 172 V C TR   0.074  0.249  0.070  0.084  0.201  0.023  0.038  0.075  0.187  0.048
 173 T H TR   0.120  0.245  0.073  0.077  0.246  0.027  0.048  0.072  0.092  0.002
 174 H C TR   0.116  0.355  0.091  0.070  0.158  0.028  0.029  0.080  0.073  0.197
 175 C C TR   0.053  0.361  0.092  0.082  0.182  0.026  0.030  0.108  0.065  0.179
 176 S C TR   0.081  0.401  0.108  0.064  0.136  0.022  0.035  0.091  0.062  0.265
 177 F C TR   0.094  0.398  0.105  0.051  0.156  0.030  0.038  0.088  0.039  0.242
 178 S C TR   0.066  0.443  0.098  0.058  0.161  0.030  0.034  0.078  0.032  0.283
 179 Q C TR   0.048  0.417  0.090  0.075  0.196  0.039  0.037  0.065  0.034  0.221
 180 W H TR   0.067  0.297  0.050  0.063  0.334  0.055  0.052  0.053  0.028  0.037
 181 W H TR   0.084  0.219  0.041  0.061  0.367  0.063  0.053  0.073  0.038  0.148
 182 H H TR   0.144  0.160  0.038  0.074  0.359  0.058  0.048  0.063  0.055  0.199
 183 Q H TR   0.162  0.111  0.034  0.078  0.387  0.053  0.046  0.073  0.055  0.225
 184 A H TR   0.118  0.095  0.031  0.111  0.385  0.054  0.050  0.085  0.071  0.267
 185 F H TR   0.066  0.100  0.032  0.157  0.370  0.067  0.062  0.080  0.066  0.212
 186 Y H MC   0.097  0.121  0.046  0.282  0.225  0.055  0.063  0.059  0.053  0.057
 187 N H MC   0.122  0.084  0.038  0.334  0.195  0.043  0.065  0.055  0.064  0.139
 188 F H MC   0.102  0.055  0.048  0.445  0.119  0.046  0.055  0.074  0.055  0.326
 189 F H MC   0.119  0.038  0.046  0.441  0.107  0.047  0.056  0.087  0.059  0.322
 190 T H MC   0.095  0.040  0.035  0.468  0.111  0.045  0.071  0.076  0.060  0.358
 191 F H MC   0.068  0.038  0.046  0.499  0.082  0.045  0.070  0.087  0.065  0.412
 192 S H MC   0.058  0.044  0.056  0.515  0.068  0.051  0.063  0.093  0.051  0.422
 193 C H MC   0.075  0.050  0.048  0.529  0.063  0.043  0.067  0.066  0.059  0.454
 194 L H MC   0.129  0.042  0.050  0.499  0.064  0.051  0.052  0.059  0.052  0.370
 195 F H MC   0.325  0.041  0.049  0.382  0.039  0.027  0.030  0.063  0.043  0.057
 196 I H MC   0.198  0.039  0.049  0.473  0.039  0.031  0.044  0.081  0.047  0.275
 197 I H MC   0.166  0.046  0.059  0.499  0.041  0.030  0.044  0.073  0.042  0.332
 198 P H MC   0.167  0.044  0.066  0.492  0.054  0.045  0.036  0.051  0.045  0.325
 199 L H MC   0.069  0.038  0.051  0.540  0.077  0.058  0.055  0.067  0.046  0.464
 200 F H MC   0.075  0.036  0.045  0.538  0.080  0.057  0.061  0.057  0.050  0.458
 201 I H MC   0.076  0.046  0.035  0.535  0.084  0.064  0.053  0.054  0.052  0.451
 202 M H MC   0.086  0.044  0.034  0.512  0.100  0.054  0.058  0.053  0.058  0.412
 203 L H MC   0.085  0.035  0.035  0.491  0.111  0.063  0.073  0.054  0.053  0.380
 204 I H MC   0.081  0.042  0.037  0.497  0.110  0.070  0.056  0.054  0.052  0.388
 205 C H MC   0.061  0.046  0.030  0.427  0.188  0.067  0.064  0.067  0.049  0.239
 206 N H MC   0.041  0.063  0.039  0.415  0.198  0.059  0.067  0.065  0.053  0.217
 207 A H MC   0.042  0.041  0.036  0.407  0.224  0.069  0.065  0.071  0.045  0.183
 208 K H MC   0.026  0.050  0.031  0.372  0.274  0.069  0.077  0.049  0.051  0.098
 209 I H MC   0.023  0.059  0.024  0.355  0.286  0.077  0.064  0.060  0.051  0.069
 210 I H TR   0.029  0.071  0.023  0.230  0.391  0.071  0.069  0.052  0.065  0.161
 211 F H TR   0.034  0.073  0.019  0.142  0.453  0.088  0.057  0.045  0.090  0.311
 212 T H TR   0.033  0.098  0.020  0.131  0.441  0.071  0.041  0.070  0.095  0.310
 213 L H TR   0.040  0.114  0.023  0.106  0.455  0.084  0.039  0.065  0.074  0.341
 214 T H TR   0.033  0.152  0.029  0.097  0.420  0.067  0.032  0.094  0.076  0.268
 215 R H TR   0.048  0.210  0.037  0.065  0.379  0.058  0.026  0.109  0.069  0.170
 216 V H TR   0.042  0.273  0.042  0.061  0.361  0.047  0.026  0.075  0.073  0.088
 217 L C TR   0.043  0.283  0.050  0.056  0.268  0.051  0.033  0.155  0.061  0.016
 218 H C TR   0.046  0.310  0.082  0.051  0.221  0.039  0.022  0.154  0.074  0.089
 219 Q C TR   0.043  0.418  0.113  0.052  0.182  0.034  0.023  0.073  0.060  0.236
 220 D C TR   0.038  0.396  0.147  0.055  0.185  0.042  0.022  0.075  0.042  0.211
 221 P C TR   0.024  0.389  0.132  0.056  0.245  0.050  0.023  0.044  0.037  0.144
 222 H C TR   0.027  0.341  0.113  0.059  0.291  0.052  0.019  0.048  0.051  0.050
 223 E H TR   0.035  0.249  0.065  0.063  0.318  0.099  0.021  0.094  0.057  0.069
 224 L H TR   0.045  0.194  0.042  0.062  0.353  0.092  0.020  0.102  0.090  0.159
 225 Q H TR   0.058  0.249  0.040  0.054  0.315  0.103  0.023  0.076  0.082  0.066
 226 L H TR   0.065  0.257  0.054  0.053  0.309  0.069  0.033  0.074  0.087  0.051
 227 N C TR   0.078  0.261  0.075  0.059  0.256  0.085  0.028  0.082  0.077  0.006
 228 Q H TR   0.065  0.221  0.062  0.063  0.271  0.104  0.029  0.129  0.055  0.051
 229 S H TR   0.052  0.242  0.090  0.068  0.281  0.096  0.055  0.065  0.050  0.040
 230 K H TR   0.045  0.271  0.057  0.063  0.318  0.093  0.037  0.075  0.042  0.047
 231 N C TR   0.045  0.367  0.084  0.052  0.283  0.068  0.026  0.039  0.036  0.084
 232 N C TR   0.032  0.334  0.073  0.058  0.315  0.083  0.028  0.044  0.032  0.019
 233 I H TR   0.035  0.261  0.062  0.054  0.372  0.094  0.019  0.051  0.052  0.110
 234 P H TR   0.027  0.263  0.048  0.062  0.386  0.099  0.019  0.049  0.046  0.123
 235 R H TR   0.028  0.259  0.049  0.053  0.386  0.097  0.018  0.059  0.052  0.127
 236 A H TR   0.032  0.251  0.045  0.055  0.402  0.065  0.018  0.073  0.059  0.150
 237 R H TR   0.045  0.230  0.042  0.058  0.406  0.087  0.020  0.055  0.058  0.176
 238 L H TR   0.043  0.227  0.043  0.055  0.361  0.052  0.021  0.105  0.094  0.135
 239 K H TR   0.048  0.198  0.035  0.076  0.392  0.055  0.022  0.085  0.090  0.194
 240 T H TR   0.027  0.139  0.034  0.085  0.420  0.071  0.026  0.088  0.110  0.282
 241 L H TR   0.043  0.096  0.030  0.121  0.427  0.088  0.034  0.078  0.082  0.306
 242 K H TR   0.064  0.091  0.030  0.139  0.416  0.061  0.047  0.053  0.100  0.278
 243 M H TR   0.074  0.044  0.028  0.271  0.309  0.056  0.052  0.069  0.098  0.038
 244 T H MC   0.058  0.032  0.031  0.450  0.168  0.051  0.070  0.066  0.075  0.282
 245 V H MC   0.043  0.025  0.029  0.459  0.151  0.050  0.059  0.089  0.095  0.308
 246 A H MC   0.036  0.028  0.029  0.511  0.109  0.054  0.089  0.073  0.071  0.402
 247 F H MC   0.060  0.026  0.034  0.484  0.105  0.048  0.077  0.071  0.096  0.378
 248 A H MC   0.088  0.025  0.039  0.504  0.098  0.056  0.067  0.064  0.057  0.406
 249 T H MC   0.043  0.029  0.043  0.522  0.090  0.043  0.070  0.089  0.070  0.433
 250 S H MC   0.072  0.036  0.049  0.508  0.072  0.051  0.066  0.062  0.082  0.426
 251 F H MC   0.110  0.041  0.052  0.504  0.068  0.047  0.047  0.061  0.071  0.394
 252 T H MC   0.137  0.036  0.051  0.492  0.061  0.052  0.040  0.060  0.071  0.356
 253 V H MC   0.139  0.062  0.047  0.482  0.048  0.038  0.042  0.079  0.063  0.343
 254 C C MC   0.301  0.083  0.073  0.296  0.051  0.032  0.038  0.046  0.080  0.005
 255 W C MC   0.279  0.097  0.072  0.258  0.073  0.027  0.037  0.060  0.096  0.022
 256 T H MC   0.224  0.088  0.091  0.365  0.063  0.026  0.037  0.049  0.058  0.141
 257 P H MC   0.139  0.087  0.062  0.438  0.085  0.043  0.042  0.041  0.064  0.299
 258 Y H MC   0.138  0.044  0.054  0.425  0.126  0.055  0.052  0.049  0.057  0.288
 259 Y H MC   0.054  0.050  0.047  0.299  0.249  0.046  0.065  0.086  0.102  0.050
 260 V H TR   0.094  0.070  0.044  0.229  0.277  0.050  0.078  0.063  0.095  0.049
 261 L H TR   0.073  0.088  0.030  0.206  0.310  0.055  0.074  0.059  0.104  0.105
 262 G H TR   0.049  0.110  0.030  0.182  0.305  0.036  0.092  0.074  0.121  0.124
 263 I H TR   0.083  0.100  0.030  0.121  0.346  0.048  0.054  0.085  0.133  0.213
 264 W H TR   0.053  0.138  0.031  0.106  0.342  0.044  0.057  0.075  0.154  0.188
 265 Y H TR   0.047  0.201  0.041  0.095  0.344  0.060  0.055  0.069  0.089  0.143
 266 W C TR   0.073  0.327  0.088  0.074  0.223  0.047  0.037  0.060  0.071  0.104
 267 F C TR   0.074  0.339  0.107  0.077  0.182  0.044  0.028  0.086  0.063  0.158
 268 D C TR   0.047  0.457  0.161  0.055  0.132  0.027  0.033  0.046  0.041  0.296
 269 P C TR   0.042  0.470  0.138  0.068  0.136  0.034  0.025  0.045  0.042  0.332
 270 E C TR   0.051  0.452  0.152  0.058  0.123  0.034  0.024  0.052  0.054  0.299
 271 M C TR   0.047  0.379  0.077  0.049  0.243  0.049  0.042  0.064  0.051  0.136
 272 L C TR   0.051  0.426  0.071  0.064  0.186  0.050  0.049  0.057  0.045  0.240
 273 N C TR   0.075  0.417  0.091  0.057  0.186  0.033  0.046  0.042  0.052  0.231
 274 R C TR   0.091  0.380  0.077  0.052  0.196  0.030  0.069  0.068  0.039  0.184
 275 L C TR   0.095  0.345  0.089  0.054  0.173  0.031  0.066  0.097  0.049  0.172
 276 S C TR   0.102  0.333  0.086  0.066  0.180  0.036  0.070  0.082  0.045  0.153
 277 D C TR   0.038  0.281  0.072  0.111  0.253  0.049  0.069  0.081  0.046  0.028
 278 P H TR   0.044  0.174  0.064  0.140  0.325  0.071  0.059  0.076  0.048  0.151
 279 V H MC   0.055  0.081  0.055  0.269  0.259  0.082  0.044  0.079  0.076  0.009
 280 N H MC   0.090  0.047  0.048  0.349  0.177  0.072  0.051  0.104  0.062  0.172
 281 H H MC   0.082  0.027  0.036  0.378  0.197  0.083  0.034  0.094  0.068  0.181
 282 F H MC   0.072  0.027  0.029  0.441  0.157  0.086  0.050  0.069  0.069  0.284
 283 F H MC   0.077  0.023  0.029  0.463  0.131  0.089  0.055  0.077  0.056  0.332
 284 F H MC   0.089  0.031  0.029  0.456  0.138  0.098  0.055  0.050  0.054  0.318
 285 L H MC   0.062  0.038  0.033  0.454  0.136  0.085  0.086  0.042  0.064  0.318
 286 F H MC   0.067  0.039  0.035  0.469  0.079  0.086  0.107  0.046  0.071  0.363
 287 A H MC   0.102  0.035  0.046  0.487  0.086  0.079  0.062  0.049  0.054  0.385
 288 F H MC   0.280  0.066  0.067  0.313  0.084  0.042  0.048  0.045  0.055  0.033
 289 L C MC   0.362  0.064  0.094  0.286  0.034  0.029  0.039  0.054  0.037  0.076
 290 N C MC   0.320  0.069  0.105  0.308  0.037  0.025  0.050  0.050  0.038  0.012
 291 P C MC   0.325  0.102  0.113  0.297  0.027  0.024  0.032  0.051  0.029  0.028
 292 C C MC   0.436  0.084  0.090  0.184  0.043  0.026  0.033  0.057  0.048  0.252
 293 F C MC   0.412  0.105  0.105  0.161  0.050  0.022  0.036  0.061  0.048  0.251
 294 D C MC   0.373  0.195  0.108  0.102  0.061  0.019  0.047  0.049  0.045  0.178
 295 P C MC   0.287  0.118  0.082  0.235  0.112  0.033  0.037  0.051  0.047  0.052
 296 L H MC   0.157  0.059  0.047  0.384  0.130  0.052  0.043  0.053  0.075  0.227
 297 I H TR   0.131  0.059  0.028  0.220  0.292  0.062  0.055  0.060  0.094  0.072
 298 Y H TR   0.063  0.090  0.027  0.162  0.391  0.058  0.068  0.031  0.110  0.228
 299 G H TR   0.081  0.086  0.029  0.179  0.325  0.049  0.108  0.031  0.113  0.146
 300 Y H TR   0.085  0.093  0.035  0.196  0.348  0.056  0.062  0.032  0.095  0.152
 301 F H TR   0.128  0.127  0.046  0.169  0.304  0.041  0.068  0.047  0.069  0.134
 302 S C TR   0.107  0.245  0.076  0.132  0.233  0.030  0.069  0.044  0.063  0.012
 303 L H TR   0.075  0.249  0.072  0.129  0.268  0.056  0.069  0.035  0.047  0.018
