   1 G TR   0.245  0.555  0.201
   2 N TR   0.207  0.597  0.197
   3 L TR   0.196  0.601  0.203
   4 P TR   0.237  0.580  0.183
   5 T TR   0.248  0.600  0.153
   6 L TR   0.274  0.558  0.167
   7 T TR   0.231  0.622  0.147
   8 L TR   0.252  0.594  0.154
   9 S TR   0.247  0.604  0.150
  10 G TR   0.275  0.583  0.143
  11 K TR   0.285  0.554  0.161
  12 I TR   0.380  0.465  0.155
  13 R MC   0.444  0.393  0.163
  14 V MC   0.450  0.376  0.174
  15 T MC   0.543  0.308  0.149
  16 V MC   0.582  0.261  0.158
  17 T MC   0.616  0.233  0.151
  18 F MC   0.608  0.228  0.164
  19 F MC   0.620  0.221  0.160
  20 L MC   0.655  0.184  0.161
  21 F MC   0.670  0.175  0.156
  22 L MC   0.665  0.163  0.172
  23 L MC   0.673  0.174  0.153
  24 S MC   0.667  0.171  0.161
  25 A MC   0.664  0.183  0.153
  26 T MC   0.709  0.144  0.147
  27 F MC   0.661  0.185  0.154
  28 N MC   0.616  0.227  0.156
  29 A MC   0.618  0.225  0.157
  30 S MC   0.486  0.338  0.175
  31 F TR   0.390  0.438  0.172
  32 L TR   0.319  0.470  0.211
  33 L TR   0.287  0.501  0.212
  34 K TR   0.240  0.555  0.205
  35 L TR   0.238  0.570  0.192
  36 Q TR   0.179  0.631  0.190
  37 K TR   0.190  0.623  0.188
  38 W TR   0.156  0.671  0.174
  39 T TR   0.136  0.706  0.158
  40 Q TR   0.123  0.707  0.170
  41 K TR   0.122  0.712  0.166
  42 K TR   0.107  0.721  0.172
  43 E TR   0.108  0.725  0.167
  44 K TR   0.118  0.714  0.168
  45 G TR   0.100  0.724  0.176
  46 K TR   0.132  0.703  0.164
  47 K TR   0.104  0.694  0.202
  48 L TR   0.131  0.663  0.207
  49 S TR   0.156  0.655  0.189
  50 R TR   0.184  0.596  0.220
  51 M TR   0.235  0.574  0.192
  52 K TR   0.237  0.573  0.190
  53 L TR   0.241  0.565  0.194
  54 L TR   0.308  0.474  0.218
  55 L TR   0.331  0.464  0.205
  56 K MC   0.442  0.385  0.173
  57 H MC   0.508  0.309  0.183
  58 L MC   0.604  0.230  0.166
  59 T MC   0.605  0.232  0.164
  60 L MC   0.622  0.205  0.173
  61 A MC   0.603  0.219  0.178
  62 N MC   0.616  0.208  0.176
  63 L MC   0.624  0.179  0.198
  64 L MC   0.650  0.168  0.183
  65 E MC   0.650  0.159  0.192
  66 T MC   0.638  0.192  0.171
  67 L MC   0.620  0.210  0.170
  68 I MC   0.581  0.234  0.185
  69 V MC   0.544  0.294  0.162
  70 M MC   0.507  0.334  0.160
  71 P TR   0.407  0.411  0.182
  72 L TR   0.387  0.425  0.188
  73 D TR   0.304  0.509  0.187
  74 G TR   0.268  0.550  0.182
  75 M TR   0.255  0.552  0.193
  76 W TR   0.221  0.593  0.186
  77 N TR   0.235  0.578  0.187
  78 I TR   0.273  0.532  0.196
  79 T TR   0.264  0.566  0.170
  80 V TR   0.204  0.627  0.169
  81 Q TR   0.253  0.563  0.184
  82 W TR   0.348  0.476  0.175
  83 Y TR   0.349  0.490  0.161
  84 A TR   0.397  0.439  0.164
  85 G TR   0.391  0.424  0.185
  86 E TR   0.290  0.537  0.173
  87 L TR   0.356  0.476  0.168
  88 L TR   0.354  0.449  0.197
  89 C TR   0.353  0.465  0.182
  90 K TR   0.305  0.528  0.167
  91 V MC   0.515  0.311  0.174
  92 L MC   0.426  0.395  0.179
  93 S TR   0.362  0.447  0.192
  94 Y TR   0.405  0.417  0.178
  95 L MC   0.494  0.335  0.171
  96 K MC   0.459  0.356  0.186
  97 L MC   0.449  0.374  0.177
  98 F MC   0.518  0.293  0.190
  99 S MC   0.528  0.288  0.183
 100 M MC   0.563  0.266  0.171
 101 Y MC   0.577  0.241  0.182
 102 A MC   0.598  0.233  0.169
 103 P MC   0.594  0.225  0.181
 104 A MC   0.582  0.229  0.188
 105 F MC   0.636  0.194  0.170
 106 M MC   0.601  0.207  0.192
 107 M MC   0.619  0.217  0.165
 108 V MC   0.630  0.211  0.159
 109 V MC   0.609  0.225  0.166
 110 I MC   0.538  0.283  0.179
 111 S MC   0.497  0.331  0.171
 112 L MC   0.443  0.393  0.164
 113 D TR   0.398  0.419  0.183
 114 R TR   0.309  0.505  0.186
 115 S TR   0.315  0.513  0.172
 116 L TR   0.262  0.527  0.211
 117 A TR   0.262  0.519  0.220
 118 I TR   0.218  0.570  0.211
 119 T TR   0.183  0.605  0.212
 120 R TR   0.151  0.655  0.194
 121 P TR   0.150  0.672  0.177
 122 L TR   0.159  0.637  0.204
 123 A TR   0.126  0.679  0.195
 124 L TR   0.133  0.655  0.211
 125 K TR   0.131  0.678  0.192
 126 S TR   0.119  0.707  0.174
 127 N TR   0.142  0.650  0.208
 128 S TR   0.117  0.704  0.179
 129 K TR   0.146  0.684  0.171
 130 V TR   0.131  0.704  0.165
 131 G TR   0.158  0.672  0.169
 132 Q TR   0.166  0.642  0.192
 133 S TR   0.229  0.559  0.211
 134 M TR   0.357  0.438  0.204
 135 V MC   0.445  0.364  0.191
 136 G MC   0.533  0.304  0.164
 137 L MC   0.612  0.222  0.166
 138 A MC   0.621  0.216  0.162
 139 W MC   0.643  0.201  0.157
 140 I MC   0.626  0.210  0.164
 141 L MC   0.642  0.179  0.179
 142 S MC   0.674  0.160  0.166
 143 S MC   0.676  0.161  0.163
 144 V MC   0.686  0.158  0.156
 145 F MC   0.725  0.141  0.134
 146 A MC   0.679  0.175  0.146
 147 G MC   0.602  0.254  0.144
 148 P MC   0.534  0.292  0.174
 149 Q TR   0.397  0.432  0.171
 150 L TR   0.281  0.549  0.170
 151 Y TR   0.280  0.541  0.179
 152 I TR   0.231  0.581  0.189
 153 F TR   0.239  0.567  0.194
 154 R TR   0.189  0.626  0.185
 155 M TR   0.172  0.637  0.190
 156 I TR   0.146  0.649  0.205
 157 H TR   0.142  0.665  0.193
 158 L TR   0.125  0.680  0.195
 159 A TR   0.139  0.680  0.182
 160 D TR   0.122  0.665  0.213
 161 S TR   0.157  0.627  0.216
 162 S TR   0.120  0.644  0.236
 163 G TR   0.166  0.626  0.208
 164 Q TR   0.128  0.606  0.266
 165 T TR   0.180  0.552  0.269
 166 K TR   0.136  0.630  0.234
 167 V TR   0.158  0.535  0.307
 168 F TR   0.155  0.505  0.339
 169 S TR   0.189  0.457  0.354
 170 Q TR   0.170  0.544  0.285
 171 C TR   0.211  0.509  0.280
 172 V TR   0.195  0.526  0.279
 173 T TR   0.245  0.563  0.192
 174 H TR   0.215  0.593  0.192
 175 C TR   0.165  0.651  0.184
 176 S TR   0.180  0.628  0.192
 177 F TR   0.183  0.643  0.174
 178 S TR   0.158  0.681  0.161
 179 Q TR   0.160  0.677  0.163
 180 W TR   0.183  0.684  0.133
 181 W TR   0.198  0.659  0.143
 182 H TR   0.266  0.583  0.151
 183 Q TR   0.286  0.571  0.143
 184 A TR   0.279  0.565  0.156
 185 F TR   0.286  0.549  0.165
 186 Y MC   0.442  0.405  0.153
 187 N MC   0.521  0.334  0.145
 188 F MC   0.603  0.248  0.149
 189 F MC   0.616  0.232  0.152
 190 T MC   0.633  0.226  0.140
 191 F MC   0.637  0.207  0.156
 192 S MC   0.636  0.205  0.159
 193 C MC   0.671  0.179  0.150
 194 L MC   0.681  0.165  0.154
 195 F MC   0.738  0.143  0.120
 196 I MC   0.715  0.159  0.127
 197 I MC   0.709  0.160  0.131
 198 P MC   0.695  0.149  0.156
 199 L MC   0.664  0.181  0.155
 200 F MC   0.674  0.173  0.152
 201 I MC   0.664  0.185  0.151
 202 M MC   0.656  0.197  0.147
 203 L MC   0.650  0.200  0.150
 204 I MC   0.634  0.207  0.160
 205 C MC   0.552  0.302  0.147
 206 N MC   0.523  0.326  0.151
 207 A MC   0.513  0.336  0.151
 208 K MC   0.476  0.374  0.151
 209 I MC   0.442  0.406  0.152
 210 I TR   0.328  0.514  0.159
 211 F TR   0.233  0.571  0.196
 212 T TR   0.206  0.609  0.186
 213 L TR   0.185  0.634  0.181
 214 T TR   0.162  0.666  0.172
 215 R TR   0.139  0.698  0.164
 216 V TR   0.130  0.709  0.161
 217 L TR   0.133  0.705  0.162
 218 H TR   0.119  0.686  0.195
 219 Q TR   0.118  0.674  0.208
 220 D TR   0.115  0.656  0.230
 221 P TR   0.103  0.678  0.219
 222 H TR   0.105  0.679  0.216
 223 E TR   0.119  0.660  0.221
 224 L TR   0.127  0.649  0.224
 225 Q TR   0.135  0.641  0.225
 226 L TR   0.150  0.640  0.209
 227 N TR   0.164  0.599  0.236
 228 Q TR   0.157  0.622  0.221
 229 S TR   0.175  0.588  0.237
 230 K TR   0.144  0.664  0.192
 231 N TR   0.123  0.690  0.187
 232 N TR   0.118  0.694  0.187
 233 I TR   0.108  0.684  0.209
 234 P TR   0.108  0.699  0.194
 235 R TR   0.099  0.703  0.198
 236 A TR   0.105  0.726  0.169
 237 R TR   0.123  0.690  0.187
 238 L TR   0.118  0.694  0.189
 239 K TR   0.146  0.675  0.179
 240 T TR   0.138  0.648  0.214
 241 L TR   0.199  0.601  0.200
 242 K TR   0.250  0.560  0.190
 243 M TR   0.397  0.422  0.181
 244 T MC   0.577  0.266  0.157
 245 V MC   0.561  0.265  0.174
 246 A MC   0.636  0.210  0.154
 247 F MC   0.620  0.203  0.177
 248 A MC   0.660  0.188  0.153
 249 T MC   0.636  0.208  0.156
 250 S MC   0.647  0.171  0.183
 251 F MC   0.661  0.169  0.170
 252 T MC   0.669  0.157  0.173
 253 V MC   0.663  0.189  0.148
 254 C MC   0.635  0.181  0.184
 255 W MC   0.574  0.230  0.196
 256 T MC   0.625  0.200  0.174
 257 P MC   0.618  0.213  0.169
 258 Y MC   0.615  0.218  0.167
 259 Y MC   0.419  0.385  0.195
 260 V TR   0.401  0.409  0.189
 261 L TR   0.353  0.458  0.189
 262 G TR   0.323  0.490  0.187
 263 I TR   0.258  0.531  0.211
 264 W TR   0.216  0.555  0.229
 265 Y TR   0.197  0.614  0.190
 266 W TR   0.184  0.610  0.206
 267 F TR   0.179  0.607  0.214
 268 D TR   0.135  0.635  0.229
 269 P TR   0.135  0.651  0.214
 270 E TR   0.133  0.626  0.241
 271 M TR   0.138  0.686  0.177
 272 L TR   0.164  0.670  0.166
 273 N TR   0.178  0.646  0.176
 274 R TR   0.212  0.643  0.146
 275 L TR   0.214  0.615  0.170
 276 S TR   0.239  0.595  0.166
 277 D TR   0.218  0.615  0.168
 278 P TR   0.243  0.574  0.183
 279 V TR   0.368  0.419  0.213
 280 N MC   0.490  0.328  0.182
 281 H MC   0.493  0.319  0.188
 282 F MC   0.563  0.253  0.184
 283 F MC   0.595  0.231  0.174
 284 F MC   0.599  0.219  0.181
 285 L MC   0.602  0.217  0.181
 286 F MC   0.642  0.165  0.193
 287 A MC   0.650  0.170  0.179
 288 F MC   0.640  0.196  0.164
 289 L MC   0.687  0.153  0.160
 290 N MC   0.677  0.156  0.167
 291 P MC   0.654  0.180  0.166
 292 C MC   0.652  0.184  0.163
 293 F MC   0.610  0.216  0.175
 294 D MC   0.523  0.305  0.173
 295 P MC   0.558  0.280  0.162
 296 L MC   0.584  0.242  0.174
 297 I TR   0.406  0.411  0.184
 298 Y TR   0.293  0.512  0.195
 299 G TR   0.368  0.441  0.191
 300 Y TR   0.342  0.473  0.185
 301 F TR   0.365  0.478  0.157
 302 S TR   0.309  0.522  0.169
 303 L TR   0.273  0.552  0.175
